7.1300809841 1.8584621503 60.4863059944 -0.5007299718 -9.8346808239 -4.2313957098 -8.6675788561 -7.1695730285 -4.6663235445 0.0000000000 -4.3800725470 -3.5813782527 -0.3449779149 0.0000000000 0.0000000000 0.0000000000 0.0000000000 0.0000000000 0.0000000000 0.0000000000 0.0000000000 0.0000000000 0.0000000000 0.0000000000 0.0000000000 0.0000000000  
1.8584621503 10.6867534291 65.0647910350 -0.6881280194 -11.7409394880 -5.5810977532 -11.8252316144 -8.9317558437 -6.2443273539 0.0000000000 -5.4437898810 -4.7321846393 -0.4283633981 0.0000000000 0.0000000000 0.0000000000 0.0000000000 0.0000000000 0.0000000000 0.0000000000 0.0000000000 0.0000000000 0.0000000000 0.0000000000 0.0000000000 0.0000000000  
60.4863059944 65.0647910350 1094.1590443851 -11.4730106422 -137.3480247141 -73.6619665642 -172.4925282940 -116.2269918713 -84.6984374597 0.0000000000 -67.6406031280 -60.9791092262 -4.9712072493 0.0000000000 0.0000000000 0.0000000000 0.0000000000 0.0000000000 0.0000000000 0.0000000000 0.0000000000 0.0000000000 0.0000000000 0.0000000000 0.0000000000 0.0000000000  
-0.5007299718 -0.6881280194 -11.4730106422 3.7537368529 -0.3914181313 -0.2644169808 -2.2317504401 -1.1056872130 -0.6288193352 0.0000000000 -0.1872079265 -0.5091759647 0.0888237571 0.0000000000 0.0000000000 0.0000000000 0.0000000000 0.0000000000 0.0000000000 0.0000000000 0.0000000000 0.0000000000 0.0000000000 0.0000000000 0.0000000000 0.0000000000  
-9.8346808239 -11.7409394880 -137.3480247141 -0.3914181313 25.1650143179 9.3009951635 18.5973933289 12.2562966804 9.8470200496 0.0000000000 8.1878283544 7.4172282039 0.8521314808 0.0000000000 0.0000000000 0.0000000000 0.0000000000 0.0000000000 0.0000000000 0.0000000000 0.0000000000 0.0000000000 0.0000000000 0.0000000000 0.0000000000 0.0000000000  
-4.2313957098 -5.5810977532 -73.6619665642 -0.2644169808 9.3009951635 12.4309708224 47.9446797389 18.9033265825 19.5786578898 0.0000000000 12.5529574378 13.9101763224 0.8442467069 0.0000000000 0.0000000000 0.0000000000 0.0000000000 0.0000000000 0.0000000000 0.0000000000 0.0000000000 0.0000000000 0.0000000000 0.0000000000 0.0000000000 0.0000000000  
-8.6675788561 -11.8252316144 -172.4925282940 -2.2317504401 18.5973933289 47.9446797389 266.9843075300 90.7352323847 112.4184871166 0.0000000000 61.2713576254 78.7220167832 4.2827849112 0.0000000000 0.0000000000 0.0000000000 0.0000000000 0.0000000000 0.0000000000 0.0000000000 0.0000000000 0.0000000000 0.0000000000 0.0000000000 0.0000000000 0.0000000000  
-7.1695730285 -8.9317558437 -116.2269918713 -1.1056872130 12.2562966804 18.9033265825 90.7352323847 45.9380706236 39.5754383067 0.0000000000 24.8294364307 28.1804078491 1.2957887727 0.0000000000 0.0000000000 0.0000000000 0.0000000000 0.0000000000 0.0000000000 0.0000000000 0.0000000000 0.0000000000 0.0000000000 0.0000000000 0.0000000000 0.0000000000  
-4.6663235445 -6.2443273539 -84.6984374597 -0.6288193352 9.8470200496 19.5786578898 112.4184871166 39.5754383067 55.8570915216 0.0000000000 33.9716081742 42.8495460059 2.2228715353 0.0000000000 0.0000000000 0.0000000000 0.0000000000 0.0000000000 0.0000000000 0.0000000000 0.0000000000 0.0000000000 0.0000000000 0.0000000000 0.0000000000 0.0000000000  
0.0000000000 0.0000000000 0.0000000000 0.0000000000 0.0000000000 0.0000000000 0.0000000000 0.0000000000 0.0000000000 17313.2561122164 0.0000000000 0.0000000000 0.0000000000 0.0000000000 0.0000000000 0.0000000000 0.0000000000 0.0000000000 0.0000000000 0.0000000000 0.0000000000 0.0000000000 0.0000000000 0.0000000000 0.0000000000 0.0000000000  
-4.3800725470 -5.4437898810 -67.6406031280 -0.1872079265 8.1878283544 12.5529574378 61.2713576254 24.8294364307 33.9716081742 0.0000000000 27.2199057510 26.0443855102 1.2439940416 0.0000000000 0.0000000000 0.0000000000 0.0000000000 0.0000000000 0.0000000000 0.0000000000 0.0000000000 0.0000000000 0.0000000000 0.0000000000 0.0000000000 0.0000000000  
-3.5813782527 -4.7321846393 -60.9791092262 -0.5091759647 7.4172282039 13.9101763224 78.7220167832 28.1804078491 42.8495460059 0.0000000000 26.0443855102 38.6244507982 2.0758623573 0.0000000000 0.0000000000 0.0000000000 0.0000000000 0.0000000000 0.0000000000 0.0000000000 0.0000000000 0.0000000000 0.0000000000 0.0000000000 0.0000000000 0.0000000000  
-0.3449779149 -0.4283633981 -4.9712072493 0.0888237571 0.8521314808 0.8442467069 4.2827849112 1.2957887727 2.2228715353 0.0000000000 1.2439940416 2.0758623573 17282.0633056748 0.0000000000 0.0000000000 0.0000000000 0.0000000000 0.0000000000 0.0000000000 0.0000000000 0.0000000000 0.0000000000 0.0000000000 0.0000000000 0.0000000000 0.0000000000  
-117.5352942964 117.7062883298 384.9982682176 13.6391758374 43.7969451559 -215.8480085449 -1389.5418862007 -441.7641876965 -671.2897794251 -0.0000000001 -394.2266941799 -524.1008865383 -15.5374556288 0.0000000000 0.0000000000 0.0000000000 0.0000000000 0.0000000000 0.0000000000 0.0000000000 0.0000000000 0.0000000000 0.0000000000 0.0000000000 0.0000000000 0.0000000000  
44.0051095679 -302.1888644827 -641.8421810150 23.5168112714 232.4065426000 -49.9560953516 -781.2344432651 -163.1582153226 -371.3393589630 -0.0000000000 -193.5483745453 -294.3279381143 -2.7416122822 0.0000000000 0.0000000000 0.0000000000 0.0000000000 0.0000000000 0.0000000000 0.0000000000 0.0000000000 0.0000000000 0.0000000000 0.0000000000 0.0000000000 0.0000000000  
-2439.4740182893 -2631.0643118328 -44068.3473425401 453.5117619947 5532.3534156232 3033.5751916955 7383.2383808704 4825.9679559255 3624.8729964541 -0.0000000001 2855.6782765278 2624.6321459952 207.8922286473 0.0000000000 0.0000000000 0.0000000000 0.0000000000 0.0000000000 0.0000000000 0.0000000000 0.0000000000 0.0000000000 0.0000000000 0.0000000000 0.0000000000 0.0000000000  
137.1633733823 169.4927470456 2404.7787117434 -143.9892799306 -235.0983781625 -280.6540780908 -1258.8051781706 -512.0180551355 -636.5410623916 -0.0000000001 -428.3678609322 -492.2722079837 -33.2396127301 0.0000000000 0.0000000000 0.0000000000 0.0000000000 0.0000000000 0.0000000000 0.0000000000 0.0000000000 0.0000000000 0.0000000000 0.0000000000 0.0000000000 0.0000000000  
416.8363749121 505.8973459430 5804.7562673909 27.2299788855 -1059.3077507261 -468.2348846556 -1245.2025019686 -671.3119754188 -616.9381377957 0.0000000002 -461.6442991588 -457.6203562068 -48.5837805970 0.0000000000 0.0000000000 0.0000000000 0.0000000000 0.0000000000 0.0000000000 0.0000000000 0.0000000000 0.0000000000 0.0000000000 0.0000000000 0.0000000000 0.0000000000  
64.7724135217 119.5225911844 959.1841070837 39.1375380579 -158.9989918449 -324.3351032494 -1309.3339935239 -450.2881151741 -449.4402570542 0.0000000000 -257.7997761933 -270.3982046055 -24.8515777965 0.0000000000 0.0000000000 0.0000000000 0.0000000000 0.0000000000 0.0000000000 0.0000000000 0.0000000000 0.0000000000 0.0000000000 0.0000000000 0.0000000000 0.0000000000  
307.4233293959 424.9783637681 6133.0078477957 86.1227746275 -661.8417892459 -1751.0211565817 -9781.5538980837 -3311.1694731722 -4106.6308365630 0.0000000001 -2230.5128170118 -2868.2026538108 -157.0375528140 0.0000000000 0.0000000000 0.0000000000 0.0000000000 0.0000000000 0.0000000000 0.0000000000 0.0000000000 0.0000000000 0.0000000000 0.0000000000 0.0000000000 0.0000000000  
296.8785704539 378.0233588223 4745.4631207737 53.9050209694 -519.7943733160 -817.8883807422 -3966.0554992572 -1937.8482857348 -1735.3377634234 -0.0000000000 -1084.1513497074 -1238.0824139066 -64.6152924249 0.0000000000 0.0000000000 0.0000000000 0.0000000000 0.0000000000 0.0000000000 0.0000000000 0.0000000000 0.0000000000 0.0000000000 0.0000000000 0.0000000000 0.0000000000  
96.1119435929 157.9451885291 1626.1062685156 48.1251274656 -210.8880316746 -590.7809547742 -3585.2360895427 -1199.3953129993 -1732.5765214472 0.0000000000 -1024.1759628051 -1298.0955776346 -74.1660369990 0.0000000000 0.0000000000 0.0000000000 0.0000000000 0.0000000000 0.0000000000 0.0000000000 0.0000000000 0.0000000000 0.0000000000 0.0000000000 0.0000000000 0.0000000000  
0.0000000000 0.0000000000 -0.0000000000 -0.0000000000 -0.0000000000 -0.0000000000 -0.0000000000 -0.0000000000 -0.0000000000 -745249.1253229966 -0.0000000000 -0.0000000000 -0.0000000223 0.0000000000 0.0000000000 0.0000000000 0.0000000000 0.0000000000 0.0000000000 0.0000000000 0.0000000000 0.0000000000 0.0000000000 0.0000000000 0.0000000000 0.0000000000  
227.2811846540 292.9738184742 3464.4904499498 23.5578360745 -444.5065854161 -677.6237995489 -3329.9742317853 -1325.4119033181 -1758.1903723318 -0.0000000000 -1330.9597728320 -1337.2059455998 -70.1757601246 0.0000000000 0.0000000000 0.0000000000 0.0000000000 0.0000000000 0.0000000000 0.0000000000 0.0000000000 0.0000000000 0.0000000000 0.0000000000 0.0000000000 0.0000000000  
287.1271984567 374.5744041517 4782.4060180755 32.0604021626 -606.2926266569 -957.0534361349 -5048.1116190766 -1883.8053570092 -2611.7754062254 -0.0000000000 -1620.7683510315 -2217.4716623801 -121.8502686826 0.0000000000 0.0000000000 0.0000000000 0.0000000000 0.0000000000 0.0000000000 0.0000000000 0.0000000000 0.0000000000 0.0000000000 0.0000000000 0.0000000000 0.0000000000  
15.2436688945 18.9317042600 219.6118874039 -3.9322675361 -37.6659072713 -37.3241882046 -189.4024737982 -57.2620369642 -98.3115470647 -0.0000000223 -55.0012743608 -91.8329301245 -765451.1438343393 0.0000000000 0.0000000000 0.0000000000 0.0000000000 0.0000000000 0.0000000000 0.0000000000 0.0000000000 0.0000000000 0.0000000000 0.0000000000 0.0000000000 0.0000000000  
242.4097729404 -20.7222588995 124.2802527244 -63.1935197034 0.3547965667 -3.7658469891 24.1694640778 16.7551544256 22.9442043286 0.0000000000 37.1227024330 41.9353835968 -0.7440952757 0.0000000000 0.0000000000 0.0000000000 0.0000000000 0.0000000000 0.0000000000 0.0000000000 0.0000000000 0.0000000000 0.0000000000 0.0000000000 0.0000000000 0.0000000000  
-20.7222588995 36.2455047011 100.0482426973 -90.8323546862 -1.9904762393 -1.0398214092 -12.8002378966 1.1659488992 5.7915153521 0.0000000000 5.9645015746 7.9983758767 -0.0417826362 0.0000000000 0.0000000000 0.0000000000 0.0000000000 0.0000000000 0.0000000000 0.0000000000 0.0000000000 0.0000000000 0.0000000000 0.0000000000 0.0000000000 0.0000000000  
124.2802527244 100.0482426973 8917.9163880790 -448.9132931446 74.7820465198 321.2131454351 -259.2522036459 24.7392643509 73.7809536449 0.0000000000 121.2988344420 159.2749401152 5.3513442764 0.0000000000 0.0000000000 0.0000000000 0.0000000000 0.0000000000 0.0000000000 0.0000000000 0.0000000000 0.0000000000 0.0000000000 0.0000000000 0.0000000000 0.0000000000  
-63.1935197034 -90.8323546862 -448.9132931446 751.3184321742 2.1531186373 -36.6044149601 142.0581435936 -13.1642341388 -70.2319709058 0.0000000000 -58.7019340797 -75.8186648970 -1.0705413519 0.0000000000 0.0000000000 0.0000000000 0.0000000000 0.0000000000 0.0000000000 0.0000000000 0.0000000000 0.0000000000 0.0000000000 0.0000000000 0.0000000000 0.0000000000  
0.3547965667 -1.9904762393 74.7820465198 2.1531186373 28.1286196134 18.8056777403 -3.1312780352 40.7352559020 32.4894599337 0.0000000000 67.8534878735 54.7948464310 -1.4268295097 0.0000000000 0.0000000000 0.0000000000 0.0000000000 0.0000000000 0.0000000000 0.0000000000 0.0000000000 0.0000000000 0.0000000000 0.0000000000 0.0000000000 0.0000000000  
-3.7658469891 -1.0398214092 321.2131454351 -36.6044149601 18.8056777403 65.0684135896 -18.2632849450 31.2696445635 65.5824858026 0.0000000000 76.2356027830 81.5087363945 -0.5331047528 0.0000000000 0.0000000000 0.0000000000 0.0000000000 0.0000000000 0.0000000000 0.0000000000 0.0000000000 0.0000000000 0.0000000000 0.0000000000 0.0000000000 0.0000000000  
24.1694640778 -12.8002378966 -259.2522036459 142.0581435936 -3.1312780352 -18.2632849450 71.9790974434 -2.4611562488 -1.9586249628 0.0000000000 -10.4630699953 -5.4245581361 -0.3939653714 0.0000000000 0.0000000000 0.0000000000 0.0000000000 0.0000000000 0.0000000000 0.0000000000 0.0000000000 0.0000000000 0.0000000000 0.0000000000 0.0000000000 0.0000000000  
16.7551544256 1.1659488992 24.7392643509 -13.1642341388 40.7352559020 31.2696445635 -2.4611562488 87.8263551459 86.5031224504 0.0000000000 184.0277358219 150.4469468217 -3.5960445892 0.0000000000 0.0000000000 0.0000000000 0.0000000000 0.0000000000 0.0000000000 0.0000000000 0.0000000000 0.0000000000 0.0000000000 0.0000000000 0.0000000000 0.0000000000  
22.9442043286 5.7915153521 73.7809536449 -70.2319709058 32.4894599337 65.5824858026 -1.9586249628 86.5031224504 155.2508752971 0.0000000000 283.9247928698 264.0939716796 -3.8217108665 0.0000000000 0.0000000000 0.0000000000 0.0000000000 0.0000000000 0.0000000000 0.0000000000 0.0000000000 0.0000000000 0.0000000000 0.0000000000 0.0000000000 0.0000000000  
0.0000000000 0.0000000000 0.0000000000 0.0000000000 0.0000000000 0.0000000000 0.0000000000 0.0000000000 0.0000000000 917.5950531867 0.0000000000 0.0000000000 0.0000000000 0.0000000000 0.0000000000 0.0000000000 0.0000000000 0.0000000000 0.0000000000 0.0000000000 0.0000000000 0.0000000000 0.0000000000 0.0000000000 0.0000000000 0.0000000000  
37.1227024330 5.9645015746 121.2988344420 -58.7019340797 67.8534878735 76.2356027830 -10.4630699953 184.0277358219 283.9247928698 0.0000000000 1040.2077388391 953.7160825439 -14.2773562395 0.0000000000 0.0000000000 0.0000000000 0.0000000000 0.0000000000 0.0000000000 0.0000000000 0.0000000000 0.0000000000 0.0000000000 0.0000000000 0.0000000000 0.0000000000  
41.9353835968 7.9983758767 159.2749401152 -75.8186648970 54.7948464310 81.5087363945 -5.4245581361 150.4469468217 264.0939716796 0.0000000000 953.7160825439 1034.5285835886 -13.8823888493 0.0000000000 0.0000000000 0.0000000000 0.0000000000 0.0000000000 0.0000000000 0.0000000000 0.0000000000 0.0000000000 0.0000000000 0.0000000000 0.0000000000 0.0000000000  
-0.7440952757 -0.0417826362 5.3513442764 -1.0705413519 -1.4268295097 -0.5331047528 -0.3939653714 -3.5960445892 -3.8217108665 0.0000000000 -14.2773562395 -13.8823888493 912.7426902944 0.0000000000 0.0000000000 0.0000000000 0.0000000000 0.0000000000 0.0000000000 0.0000000000 0.0000000000 0.0000000000 0.0000000000 0.0000000000 0.0000000000 0.0000000000  
-463.0358177280 141.0528308248 12715.6175852390 336.3753485483 -35.5875605723 275.6148239280 -246.7293257238 -419.0276029557 -667.7222212123 -0.0117840836 -2289.8594299391 -1956.9888877422 -829.0201643538 0.0000000000 0.0000000000 0.0000000000 0.0000000000 0.0000000000 0.0000000000 0.0000000000 0.0000000000 0.0000000000 0.0000000000 0.0000000000 0.0000000000 0.0000000000  
845.6342353328 -1280.4140669630 -64170.7975130265 4121.2831298152 -581.7111600545 -2384.5123720841 2221.2842452854 -269.7443624168 -724.4616720232 -0.0051403332 -1581.9145456415 -1604.7773655899 -1103.9969387543 0.0000000000 0.0000000000 0.0000000000 0.0000000000 0.0000000000 0.0000000000 0.0000000000 0.0000000000 0.0000000000 0.0000000000 0.0000000000 0.0000000000 0.0000000000  
-1629.0573286247 -1942.2751608245 -185032.2909840131 6337.1003557169 -1552.5923849312 -6552.8394730124 4893.0427781655 -402.6177616463 -1193.4542675209 -0.0034027408 -2307.7277969091 -3090.9394975062 426.6658344901 0.0000000000 0.0000000000 0.0000000000 0.0000000000 0.0000000000 0.0000000000 0.0000000000 0.0000000000 0.0000000000 0.0000000000 0.0000000000 0.0000000000 0.0000000000  
-310.8017669538 372.1779225768 16928.5843118565 -1290.0039090821 76.5356631884 573.1766766305 -614.1526407962 -105.9380902184 -24.7472964078 0.0112108841 -399.6944494354 -202.5991343325 -1160.6842634522 0.0000000000 0.0000000000 0.0000000000 0.0000000000 0.0000000000 0.0000000000 0.0000000000 0.0000000000 0.0000000000 0.0000000000 0.0000000000 0.0000000000 0.0000000000  
708.1074923632 559.0299219870 56826.0134253240 -1969.5458662634 460.6329218155 2010.0627053489 -1508.5797820151 118.1600067835 354.7728896751 -0.0073167997 635.2107081183 947.7464600950 -806.4164052217 0.0000000000 0.0000000000 0.0000000000 0.0000000000 0.0000000000 0.0000000000 0.0000000000 0.0000000000 0.0000000000 0.0000000000 0.0000000000 0.0000000000 0.0000000000  
153.1522608307 767.6409247188 52401.3648812673 -2808.5264495893 409.8306644817 1875.9563423713 -1598.6816717947 101.7354888427 499.8305780862 0.0084668309 1199.2485449565 1601.6434034912 -1039.5647256980 0.0000000000 0.0000000000 0.0000000000 0.0000000000 0.0000000000 0.0000000000 0.0000000000 0.0000000000 0.0000000000 0.0000000000 0.0000000000 0.0000000000 0.0000000000  
-8.9676458169 287.4196069981 17490.0074537825 -1224.0816129144 150.5457919455 673.2517430396 -627.9169425702 77.0987320534 269.5193112192 0.0125333530 614.5600902191 622.5025166455 -79.8128016501 0.0000000000 0.0000000000 0.0000000000 0.0000000000 0.0000000000 0.0000000000 0.0000000000 0.0000000000 0.0000000000 0.0000000000 0.0000000000 0.0000000000 0.0000000000  
-189.4130765797 409.3200741172 22511.0306809158 -1432.8817720118 119.7768573552 794.7672594241 -773.4151229447 -87.1806421928 102.7565314090 -0.0176092308 219.9670463777 521.6476023182 -1003.1649489142 0.0000000000 0.0000000000 0.0000000000 0.0000000000 0.0000000000 0.0000000000 0.0000000000 0.0000000000 0.0000000000 0.0000000000 0.0000000000 0.0000000000 0.0000000000  
651.8449801824 32.8416093950 15215.9769326634 -439.4546750320 115.0934799073 518.2232791512 -349.1153417877 36.7298559020 118.2384520504 0.0064399977 666.0917338556 1151.6519118959 -1657.8676694605 0.0000000000 0.0000000000 0.0000000000 0.0000000000 0.0000000000 0.0000000000 0.0000000000 0.0000000000 0.0000000000 0.0000000000 0.0000000000 0.0000000000 0.0000000000  
0.0287582747 0.0267954328 0.6745916416 -0.2112032890 0.0076599857 0.0317214743 -0.0509327099 0.0099469593 0.0247881399 -39608.4817767293 0.0197168918 0.0239053459 0.0029959538 0.0000000000 0.0000000000 0.0000000000 0.0000000000 0.0000000000 0.0000000000 0.0000000000 0.0000000000 0.0000000000 0.0000000000 0.0000000000 0.0000000000 0.0000000000  
1146.3724809021 194.1944953536 45846.7708482509 -606.8130752883 316.8180452753 1523.7809692523 -938.9808243607 -95.2949284406 -82.0326997261 -0.0063683918 -445.0783768117 560.9174764009 -1794.3356918685 0.0000000000 0.0000000000 0.0000000000 0.0000000000 0.0000000000 0.0000000000 0.0000000000 0.0000000000 0.0000000000 0.0000000000 0.0000000000 0.0000000000 0.0000000000  
-656.4668713306 -493.3489817849 -49768.7794415082 1850.0821019517 -520.6478777513 -1912.9627147501 1319.6463345303 -383.8858897706 -761.0205238113 -0.0029752052 -1876.4170417112 -2280.3081388884 -850.6343928212 0.0000000000 0.0000000000 0.0000000000 0.0000000000 0.0000000000 0.0000000000 0.0000000000 0.0000000000 0.0000000000 0.0000000000 0.0000000000 0.0000000000 0.0000000000  
3277.8529642651 284.1092364618 104917.3884425291 -1671.3699518758 1002.8258635189 3779.9083320784 -2189.2927414887 578.2616603843 1105.8896825303 -0.0006797876 3420.0735192291 4064.0091084093 -11235.2655486894 0.0000000000 0.0000000000 0.0000000000 0.0000000000 0.0000000000 0.0000000000 0.0000000000 0.0000000000 0.0000000000 0.0000000000 0.0000000000 0.0000000000 0.0000000000  
15.4024451421 -15.8251973318 20.5908496096 -26.8271503370 -0.5464842188 -6.0598460662 10.1532949546 2.2266106413 -0.4455897090 0.0000000000 -2.5442893091 -1.1935057834 -3.6895403001 0.0000000000 0.0000000000 0.0000000000 0.0000000000 0.0000000000 0.0000000000 0.0000000000 0.0000000000 0.0000000000 0.0000000000 0.0000000000 0.0000000000 0.0000000000  
-15.8251973318 33.4294170188 2.5374957087 -5.6878173820 0.3577800963 -0.3514884679 -2.4773367224 0.1121347127 -0.6135101557 0.0000000000 -0.1162284500 -0.5310579202 0.0581832106 0.0000000000 0.0000000000 0.0000000000 0.0000000000 0.0000000000 0.0000000000 0.0000000000 0.0000000000 0.0000000000 0.0000000000 0.0000000000 0.0000000000 0.0000000000  
20.5908496096 2.5374957087 136.7525596647 23.0916833006 1.2853722220 -9.3192745963 32.5282732065 7.2801516770 -0.4217589674 0.0000000000 -0.9403118299 -1.4361191123 -12.3152487879 0.0000000000 0.0000000000 0.0000000000 0.0000000000 0.0000000000 0.0000000000 0.0000000000 0.0000000000 0.0000000000 0.0000000000 0.0000000000 0.0000000000 0.0000000000  
-26.8271503370 -5.6878173820 23.0916833006 258.1012721772 13.3102008544 26.2487029632 -9.2635685320 4.6516540842 7.5322996808 0.0000000000 21.9278970360 10.8572200961 0.7583257368 0.0000000000 0.0000000000 0.0000000000 0.0000000000 0.0000000000 0.0000000000 0.0000000000 0.0000000000 0.0000000000 0.0000000000 0.0000000000 0.0000000000 0.0000000000  
-0.5464842188 0.3577800963 1.2853722220 13.3102008544 45.1568634804 -15.5248405156 28.5093284632 20.7740682091 6.1577650952 0.0000000000 5.7058660267 4.6553380565 -16.9336556027 0.0000000000 0.0000000000 0.0000000000 0.0000000000 0.0000000000 0.0000000000 0.0000000000 0.0000000000 0.0000000000 0.0000000000 0.0000000000 0.0000000000 0.0000000000  
-6.0598460662 -0.3514884679 -9.3192745963 26.2487029632 -15.5248405156 28.4391721710 -42.1219092028 -42.0996867620 -2.5979538226 0.0000000000 -8.0727059940 -1.2305875512 35.8371259574 0.0000000000 0.0000000000 0.0000000000 0.0000000000 0.0000000000 0.0000000000 0.0000000000 0.0000000000 0.0000000000 0.0000000000 0.0000000000 0.0000000000 0.0000000000  
10.1532949546 -2.4773367224 32.5282732065 -9.2635685320 28.5093284632 -42.1219092028 156.9549637025 38.6867887494 6.2053623808 0.0000000000 10.3588796669 6.4656024827 -21.5402852523 0.0000000000 0.0000000000 0.0000000000 0.0000000000 0.0000000000 0.0000000000 0.0000000000 0.0000000000 0.0000000000 0.0000000000 0.0000000000 0.0000000000 0.0000000000  
2.2266106413 0.1121347127 7.2801516770 4.6516540842 20.7740682091 -42.0996867620 38.6867887494 95.0198341124 2.2813720945 0.0000000000 15.9814723778 1.1933619465 -64.4073520207 0.0000000000 0.0000000000 0.0000000000 0.0000000000 0.0000000000 0.0000000000 0.0000000000 0.0000000000 0.0000000000 0.0000000000 0.0000000000 0.0000000000 0.0000000000  
-0.4455897090 -0.6135101557 -0.4217589674 7.5322996808 6.1577650952 -2.5979538226 6.2053623808 2.2813720945 27.6561764214 0.0000000000 0.8686418570 -0.4214818871 -5.0115797962 0.0000000000 0.0000000000 0.0000000000 0.0000000000 0.0000000000 0.0000000000 0.0000000000 0.0000000000 0.0000000000 0.0000000000 0.0000000000 0.0000000000 0.0000000000  
0.0000000000 0.0000000000 0.0000000000 0.0000000000 0.0000000000 0.0000000000 0.0000000000 0.0000000000 0.0000000000 26421.2704257047 0.0000000000 0.0000000000 0.0000000000 0.0000000000 0.0000000000 0.0000000000 0.0000000000 0.0000000000 0.0000000000 0.0000000000 0.0000000000 0.0000000000 0.0000000000 0.0000000000 0.0000000000 0.0000000000  
-2.5442893091 -0.1162284500 -0.9403118299 21.9278970360 5.7058660267 -8.0727059940 10.3588796669 15.9814723778 0.8686418570 0.0000000000 36.3988630749 -0.2074036655 -17.1987555165 0.0000000000 0.0000000000 0.0000000000 0.0000000000 0.0000000000 0.0000000000 0.0000000000 0.0000000000 0.0000000000 0.0000000000 0.0000000000 0.0000000000 0.0000000000  
-1.1935057834 -0.5310579202 -1.4361191123 10.8572200961 4.6553380565 -1.2305875512 6.4656024827 1.1933619465 -0.4214818871 0.0000000000 -0.2074036655 27.7598464872 -3.4809754882 0.0000000000 0.0000000000 0.0000000000 0.0000000000 0.0000000000 0.0000000000 0.0000000000 0.0000000000 0.0000000000 0.0000000000 0.0000000000 0.0000000000 0.0000000000  
-3.6895403001 0.0581832106 -12.3152487879 0.7583257368 -16.9336556027 35.8371259574 -21.5402852523 -64.4073520207 -5.0115797962 0.0000000000 -17.1987555165 -3.4809754882 92.2668976674 0.0000000000 0.0000000000 0.0000000000 0.0000000000 0.0000000000 0.0000000000 0.0000000000 0.0000000000 0.0000000000 0.0000000000 0.0000000000 0.0000000000 0.0000000000  
-724.1110705396 614.8722546094 -788.6634273035 1999.4999601661 -23.0167529879 367.6021563528 -423.0099948675 -156.3875556695 55.7462485114 -0.0000000008 152.1314404172 135.7558218078 148.0656773378 0.0000000000 0.0000000000 0.0000000000 0.0000000000 0.0000000000 0.0000000000 0.0000000000 0.0000000000 0.0000000000 0.0000000000 0.0000000000 0.0000000000 0.0000000000  
507.5466077631 -1332.4102174284 -84.3072370467 1182.3985735132 -24.3215066675 121.4354723043 84.6350781943 -26.3091972600 75.0610358713 -0.0000000008 84.3858965754 118.5458219243 -33.8164401382 0.0000000000 0.0000000000 0.0000000000 0.0000000000 0.0000000000 0.0000000000 0.0000000000 0.0000000000 0.0000000000 0.0000000000 0.0000000000 0.0000000000 0.0000000000  
-751.9718885876 -90.2714489722 -5463.1738379567 -1521.7034047450 -115.5643423924 364.3967882529 -1350.0708706609 -392.5133671602 -34.8457011725 0.0000000002 -52.5806811699 -2.1054038485 593.1809734713 0.0000000000 0.0000000000 0.0000000000 0.0000000000 0.0000000000 0.0000000000 0.0000000000 0.0000000000 0.0000000000 0.0000000000 0.0000000000 0.0000000000 0.0000000000  
888.7797216382 190.7518927730 -920.5601299286 -8722.1947016268 -352.7708149309 -1042.3477526228 518.4163515879 120.0642835928 -179.9837916365 -0.0000000007 -646.3918971221 -311.1287025037 -319.5717888707 0.0000000000 0.0000000000 0.0000000000 0.0000000000 0.0000000000 0.0000000000 0.0000000000 0.0000000000 0.0000000000 0.0000000000 0.0000000000 0.0000000000 0.0000000000  
-44.1822964692 10.3123089789 -21.2104212316 13.9332711730 -1538.6578422282 392.3322931802 -963.3208780360 -271.4862596657 -143.0086347245 -0.0000000010 51.4011256204 -62.3001532865 145.3588171785 0.0000000000 0.0000000000 0.0000000000 0.0000000000 0.0000000000 0.0000000000 0.0000000000 0.0000000000 0.0000000000 0.0000000000 0.0000000000 0.0000000000 0.0000000000  
216.6024214593 27.5470962683 375.4567295396 -880.0532096525 721.6565388878 -1138.9375083242 1708.9330648656 1659.2832866392 262.0463697374 -0.0000000021 414.6615285648 251.6492437928 -1505.7996971525 0.0000000000 0.0000000000 0.0000000000 0.0000000000 0.0000000000 0.0000000000 0.0000000000 0.0000000000 0.0000000000 0.0000000000 0.0000000000 0.0000000000 0.0000000000  
-413.5039422273 93.2077182044 -1340.9434878928 384.5087418157 -1146.4461253322 1731.1080694524 -6390.7610023649 -1616.9156698266 -204.9660739587 0.0000000019 -422.6589166775 -225.6074424391 907.8860895910 0.0000000000 0.0000000000 0.0000000000 0.0000000000 0.0000000000 0.0000000000 0.0000000000 0.0000000000 0.0000000000 0.0000000000 0.0000000000 0.0000000000 0.0000000000  
-192.8052062994 17.2879578211 -335.3273929978 431.8406123448 -828.6248475848 1887.4739852910 -1726.6582883737 -4157.5815659578 68.8308552290 -0.0000000011 -533.3332036065 74.2898979509 2724.7391721064 0.0000000000 0.0000000000 0.0000000000 0.0000000000 0.0000000000 0.0000000000 0.0000000000 0.0000000000 0.0000000000 0.0000000000 0.0000000000 0.0000000000 0.0000000000  
-58.9819023505 37.8322653815 56.5083043642 396.9521579135 33.9059359090 -155.9671340188 -6.2096646051 566.9827621646 -970.0033504201 -0.0000000020 248.9986684449 234.3505668654 -422.9757133647 0.0000000000 0.0000000000 0.0000000000 0.0000000000 0.0000000000 0.0000000000 0.0000000000 0.0000000000 0.0000000000 0.0000000000 0.0000000000 0.0000000000 0.0000000000  
-0.0000000000 -0.0000000000 -0.0000000000 0.0000000000 0.0000000000 -0.0000000000 0.0000000000 0.0000000000 0.0000000000 -1146389.2123910759 0.0000000000 0.0000000000 -0.0000000000 0.0000000000 0.0000000000 0.0000000000 0.0000000000 0.0000000000 0.0000000000 0.0000000000 0.0000000000 0.0000000000 0.0000000000 0.0000000000 0.0000000000 0.0000000000  
-28.4798980849 28.7758296729 59.7627835773 99.1621173941 -93.4697314299 283.8181900604 -368.0540628514 -355.9224078807 73.6071886181 -0.0000000014 -1273.3550077979 199.1240072184 374.5609227045 0.0000000000 0.0000000000 0.0000000000 0.0000000000 0.0000000000 0.0000000000 0.0000000000 0.0000000000 0.0000000000 0.0000000000 0.0000000000 0.0000000000 0.0000000000  
-2.8641046719 27.4108397760 75.5891748109 -19.2055745035 -124.6717589411 1.5693505055 -248.5716632933 119.7559455773 36.7097471897 -0.0000000018 106.7281254411 -962.4572185421 -123.9925942189 0.0000000000 0.0000000000 0.0000000000 0.0000000000 0.0000000000 0.0000000000 0.0000000000 0.0000000000 0.0000000000 0.0000000000 0.0000000000 0.0000000000 0.0000000000  
-11.6752606926 -4.6712453418 233.0524069395 676.3074702677 484.7700189873 -763.0884068807 488.2064644350 1477.3878023857 264.3696611586 -0.0000000001 540.4711234127 231.2645126749 -2166.7001686471 0.0000000000 0.0000000000 0.0000000000 0.0000000000 0.0000000000 0.0000000000 0.0000000000 0.0000000000 0.0000000000 0.0000000000 0.0000000000 0.0000000000 0.0000000000  
