70.4682833938 -29.0298481730 -789.6616829478 12.3182241841 18.1714004974 -34.9369070191 -26.0788533003 28.4134593423 -26.7824609122 0.0000000000 33.1504854436 25.8311509926 53.6071744177 0.0000000000 0.0000000000 0.0000000000 0.0000000000 0.0000000000 0.0000000000 0.0000000000 0.0000000000 0.0000000000 0.0000000000 0.0000000000 0.0000000000 0.0000000000  
-29.0298481730 48.1939871262 -197.1025940377 13.4843111759 10.2732613828 -27.1089176602 29.8086751430 11.6588920532 -25.7566424050 0.0000000000 16.0710236086 11.9982274956 24.2748254028 0.0000000000 0.0000000000 0.0000000000 0.0000000000 0.0000000000 0.0000000000 0.0000000000 0.0000000000 0.0000000000 0.0000000000 0.0000000000 0.0000000000 0.0000000000  
-789.6616829478 -197.1025940377 16550.9153738316 -302.0814232230 -443.0623018041 849.6188182030 303.9432336108 -629.6441144194 682.0708459536 0.0000000000 -764.1240848865 -554.2536168842 -1201.7148769540 0.0000000000 0.0000000000 0.0000000000 0.0000000000 0.0000000000 0.0000000000 0.0000000000 0.0000000000 0.0000000000 0.0000000000 0.0000000000 0.0000000000 0.0000000000  
12.3182241841 13.4843111759 -302.0814232230 77.5138832576 29.9633766045 -125.1977222406 184.3161838089 40.4171786231 -124.4077129399 0.0000000000 53.9323879832 55.9244497502 87.4918760975 0.0000000000 0.0000000000 0.0000000000 0.0000000000 0.0000000000 0.0000000000 0.0000000000 0.0000000000 0.0000000000 0.0000000000 0.0000000000 0.0000000000 0.0000000000  
18.1714004974 10.2732613828 -443.0623018041 29.9633766045 47.2219520395 -111.5454622773 89.6636632221 56.1298171398 -102.4681178340 0.0000000000 74.4799760274 46.9699837346 108.6385479381 0.0000000000 0.0000000000 0.0000000000 0.0000000000 0.0000000000 0.0000000000 0.0000000000 0.0000000000 0.0000000000 0.0000000000 0.0000000000 0.0000000000 0.0000000000  
-34.9369070191 -27.1089176602 849.6188182030 -125.1977222406 -111.5454622773 390.0953198134 -444.8051704770 -170.9873353188 380.4183123192 0.0000000000 -228.1835427092 -169.0482871803 -344.2934633187 0.0000000000 0.0000000000 0.0000000000 0.0000000000 0.0000000000 0.0000000000 0.0000000000 0.0000000000 0.0000000000 0.0000000000 0.0000000000 0.0000000000 0.0000000000  
-26.0788533003 29.8086751430 303.9432336108 184.3161838089 89.6636632221 -444.8051704770 721.6408829870 140.7529429487 -456.7241189921 0.0000000000 193.0793343684 191.3812957449 309.5377793906 0.0000000000 0.0000000000 0.0000000000 0.0000000000 0.0000000000 0.0000000000 0.0000000000 0.0000000000 0.0000000000 0.0000000000 0.0000000000 0.0000000000 0.0000000000  
28.4134593423 11.6588920532 -629.6441144194 40.4171786231 56.1298171398 -170.9873353188 140.7529429487 108.5282843197 -210.0743708122 0.0000000000 143.1323697996 93.7910395959 211.2928921657 0.0000000000 0.0000000000 0.0000000000 0.0000000000 0.0000000000 0.0000000000 0.0000000000 0.0000000000 0.0000000000 0.0000000000 0.0000000000 0.0000000000 0.0000000000  
-26.7824609122 -25.7566424050 682.0708459536 -124.4077129399 -102.4681178340 380.4183123192 -456.7241189921 -210.0743708122 555.8641029197 0.0000000000 -320.1183424884 -250.2215073263 -491.0333785909 0.0000000000 0.0000000000 0.0000000000 0.0000000000 0.0000000000 0.0000000000 0.0000000000 0.0000000000 0.0000000000 0.0000000000 0.0000000000 0.0000000000 0.0000000000  
0.0000000000 0.0000000000 0.0000000000 0.0000000000 0.0000000000 0.0000000000 0.0000000000 0.0000000000 0.0000000000 18.2125935195 0.0000000000 0.0000000000 0.0000000000 0.0000000000 0.0000000000 0.0000000000 0.0000000000 0.0000000000 0.0000000000 0.0000000000 0.0000000000 0.0000000000 0.0000000000 0.0000000000 0.0000000000 0.0000000000  
33.1504854436 16.0710236086 -764.1240848865 53.9323879832 74.4799760274 -228.1835427092 193.0793343684 143.1323697996 -320.1183424884 0.0000000000 257.7947464200 170.7688583724 381.0043670568 0.0000000000 0.0000000000 0.0000000000 0.0000000000 0.0000000000 0.0000000000 0.0000000000 0.0000000000 0.0000000000 0.0000000000 0.0000000000 0.0000000000 0.0000000000  
25.8311509926 11.9982274956 -554.2536168842 55.9244497502 46.9699837346 -169.0482871803 191.3812957449 93.7910395959 -250.2215073263 0.0000000000 170.7688583724 174.3267780010 277.2238344714 0.0000000000 0.0000000000 0.0000000000 0.0000000000 0.0000000000 0.0000000000 0.0000000000 0.0000000000 0.0000000000 0.0000000000 0.0000000000 0.0000000000 0.0000000000  
53.6071744177 24.2748254028 -1201.7148769540 87.4918760975 108.6385479381 -344.2934633187 309.5377793906 211.2928921657 -491.0333785909 0.0000000000 381.0043670568 277.2238344714 682.3694908688 0.0000000000 0.0000000000 0.0000000000 0.0000000000 0.0000000000 0.0000000000 0.0000000000 0.0000000000 0.0000000000 0.0000000000 0.0000000000 0.0000000000 0.0000000000  
-2177.7050567129 220.5863187104 33188.2145202740 -1465.1398873740 -1649.9920881340 4530.1550966979 -2840.6145055733 -2731.3039717444 5132.9362753887 -0.0000015664 -3897.5312170361 -2833.0605593210 -6057.0852777436 0.0000000000 0.0000000000 0.0000000000 0.0000000000 0.0000000000 0.0000000000 0.0000000000 0.0000000000 0.0000000000 0.0000000000 0.0000000000 0.0000000000 0.0000000000  
932.2773087873 -1088.6738367642 63.3621107368 72.1612673968 184.1230839625 -675.9636230429 528.1093268379 461.9457968827 -1001.8677823309 0.0000008052 737.5550699572 506.1728952479 1150.1001895365 0.0000000000 0.0000000000 0.0000000000 0.0000000000 0.0000000000 0.0000000000 0.0000000000 0.0000000000 0.0000000000 0.0000000000 0.0000000000 0.0000000000 0.0000000000  
13953.6702022576 3521.4056381929 -292939.6693604332 5413.0551026122 7892.5563012117 -15224.9869379286 -5127.7210738371 11231.9778347038 -12310.3494602353 0.0000000426 13661.5571111099 9910.5263141326 21476.7401021845 0.0000000000 0.0000000000 0.0000000000 0.0000000000 0.0000000000 0.0000000000 0.0000000000 0.0000000000 0.0000000000 0.0000000000 0.0000000000 0.0000000000 0.0000000000  
-76.7432317239 -417.4986702398 3558.3554379466 -2607.2339969521 -727.2362129321 3686.4661152266 -6372.8909864981 -856.8124130850 3450.1595472209 0.0000008068 -1021.9851894938 -1388.2482640364 -1738.4441950812 0.0000000000 0.0000000000 0.0000000000 0.0000000000 0.0000000000 0.0000000000 0.0000000000 0.0000000000 0.0000000000 0.0000000000 0.0000000000 0.0000000000 0.0000000000  
-245.5804024938 -611.4068177624 11881.8537781424 -1412.5518375940 -1855.1973874711 4805.5103659479 -4755.5880154297 -2258.9198747510 4654.4733331391 0.0000007043 -3031.6933851181 -1958.1722967828 -4388.4464710293 0.0000000000 0.0000000000 0.0000000000 0.0000000000 0.0000000000 0.0000000000 0.0000000000 0.0000000000 0.0000000000 0.0000000000 0.0000000000 0.0000000000 0.0000000000  
1349.0277211957 759.8847288031 -29600.4513795283 4028.8029923753 3603.6635672632 -12555.0579744347 14143.4115066699 5450.7465394049 -11910.1920237168 -0.0000012396 7153.7451274567 5326.0672029462 10763.3639541464 0.0000000000 0.0000000000 0.0000000000 0.0000000000 0.0000000000 0.0000000000 0.0000000000 0.0000000000 0.0000000000 0.0000000000 0.0000000000 0.0000000000 0.0000000000  
250.3489755300 -303.1090331642 -2698.1691475125 -1798.0736945127 -891.9357181546 4366.1944170374 -7026.5137507449 -1402.8808576817 4499.4184348282 0.0000000278 -1927.9103799112 -1883.9355283651 -3080.3323513548 0.0000000000 0.0000000000 0.0000000000 0.0000000000 0.0000000000 0.0000000000 0.0000000000 0.0000000000 0.0000000000 0.0000000000 0.0000000000 0.0000000000 0.0000000000  
-1676.8964139431 -963.1819966084 40537.4419938855 -2985.7504372623 -3956.1688822104 12295.1737005916 -10682.2713207156 -7669.0359798403 15156.4337666991 0.0000024405 -10113.5520732004 -6644.9295105295 -14891.8992890375 0.0000000000 0.0000000000 0.0000000000 0.0000000000 0.0000000000 0.0000000000 0.0000000000 0.0000000000 0.0000000000 0.0000000000 0.0000000000 0.0000000000 0.0000000000  
969.1574639882 714.1030675869 -21880.8246818108 4119.9505480570 3298.2629438642 -12481.0240561353 15182.8036066179 6954.6737702184 -18713.0758777305 -0.0000030268 10634.6233577282 8452.0658788239 16334.4805620591 0.0000000000 0.0000000000 0.0000000000 0.0000000000 0.0000000000 0.0000000000 0.0000000000 0.0000000000 0.0000000000 0.0000000000 0.0000000000 0.0000000000 0.0000000000  
-0.0001828599 -0.0001501531 0.0046955655 -0.0006012908 -0.0006598720 0.0022858137 -0.0024079125 -0.0013119445 0.0032376441 -1483.7140933303 -0.0023250437 -0.0016702381 -0.0041629900 0.0000000000 0.0000000000 0.0000000000 0.0000000000 0.0000000000 0.0000000000 0.0000000000 0.0000000000 0.0000000000 0.0000000000 0.0000000000 0.0000000000 0.0000000000  
-1934.2917534343 -1207.9400291640 47868.3033657400 -3772.2891969377 -5037.9818219349 15675.4660324339 -13796.0464796474 -9709.7020668752 22055.6186020854 0.0000017978 -17561.3531515634 -11650.4120914723 -25919.9041934460 0.0000000000 0.0000000000 0.0000000000 0.0000000000 0.0000000000 0.0000000000 0.0000000000 0.0000000000 0.0000000000 0.0000000000 0.0000000000 0.0000000000 0.0000000000  
-65.9086691532 -575.0953157021 7705.2787118548 -1509.8916534861 -1303.3894292834 4676.2716323417 -5627.4184237346 -2395.2593327393 6189.8716526033 -0.0000011312 -3869.4392827926 -3231.6919085100 -6055.9871857081 0.0000000000 0.0000000000 0.0000000000 0.0000000000 0.0000000000 0.0000000000 0.0000000000 0.0000000000 0.0000000000 0.0000000000 0.0000000000 0.0000000000 0.0000000000  
-592.1502789903 -11.3202315517 10222.7717439377 -359.3293975934 -619.9117206631 1771.5432762572 -1084.7079900189 -1256.2341900446 2732.3386635815 -0.0000554048 -2441.9989138330 -1797.8335332993 -4605.9982013492 0.0000000000 0.0000000000 0.0000000000 0.0000000000 0.0000000000 0.0000000000 0.0000000000 0.0000000000 0.0000000000 0.0000000000 0.0000000000 0.0000000000 0.0000000000  
1.2039019627 -6.2387928482 16.3592721078 -7.5504253179 -1.8229749205 1.3670458470 -5.3278760312 -1.1849072099 1.4961787263 0.0000000000 -1.6324788440 -2.5175267772 -16.8294771661 0.0000000000 0.0000000000 0.0000000000 0.0000000000 0.0000000000 0.0000000000 0.0000000000 0.0000000000 0.0000000000 0.0000000000 0.0000000000 0.0000000000 0.0000000000  
-6.2387928482 145.4117781680 -242.6910592794 124.6895835867 24.3845416841 8.0693141938 -256.2823003217 19.0645165992 -45.3045047825 0.0000000000 25.2818663161 -36.2025529356 -34.9239688458 0.0000000000 0.0000000000 0.0000000000 0.0000000000 0.0000000000 0.0000000000 0.0000000000 0.0000000000 0.0000000000 0.0000000000 0.0000000000 0.0000000000 0.0000000000  
16.3592721078 -242.6910592794 558.0316358264 -263.9021590368 -41.6871211633 -34.2934325533 615.8435495052 -37.1363298978 102.0975699944 0.0000000000 -47.3187099777 89.4697484707 91.9471670210 0.0000000000 0.0000000000 0.0000000000 0.0000000000 0.0000000000 0.0000000000 0.0000000000 0.0000000000 0.0000000000 0.0000000000 0.0000000000 0.0000000000 0.0000000000  
-7.5504253179 124.6895835867 -263.9021590368 144.4218587592 20.7150008866 29.4331479106 -401.2977544053 17.8891445797 -60.4935633735 0.0000000000 21.4196803325 -65.6794523935 -90.1141873612 0.0000000000 0.0000000000 0.0000000000 0.0000000000 0.0000000000 0.0000000000 0.0000000000 0.0000000000 0.0000000000 0.0000000000 0.0000000000 0.0000000000 0.0000000000  
-1.8229749205 24.3845416841 -41.6871211633 20.7150008866 5.0771174678 -3.3386450152 -0.0341292333 3.5896764393 -4.7648200757 0.0000000000 5.0763226471 3.5110700643 29.0881380681 0.0000000000 0.0000000000 0.0000000000 0.0000000000 0.0000000000 0.0000000000 0.0000000000 0.0000000000 0.0000000000 0.0000000000 0.0000000000 0.0000000000 0.0000000000  
1.3670458470 8.0693141938 -34.2934325533 29.4331479106 -3.3386450152 47.9527265651 -401.8822660379 -5.6738838256 -28.6355277826 0.0000000000 -11.6483610660 -87.7982425830 -303.8577294967 0.0000000000 0.0000000000 0.0000000000 0.0000000000 0.0000000000 0.0000000000 0.0000000000 0.0000000000 0.0000000000 0.0000000000 0.0000000000 0.0000000000 0.0000000000  
-5.3278760312 -256.2823003217 615.8435495052 -401.2977544053 -0.0341292333 -401.8822660379 3745.4938104122 4.5244114956 324.3546317819 0.0000000000 38.2574778702 777.5891729972 2469.7857911332 0.0000000000 0.0000000000 0.0000000000 0.0000000000 0.0000000000 0.0000000000 0.0000000000 0.0000000000 0.0000000000 0.0000000000 0.0000000000 0.0000000000 0.0000000000  
-1.1849072099 19.0645165992 -37.1363298978 17.8891445797 3.5896764393 -5.6738838256 4.5244114956 6.6931869793 -8.2816817318 0.0000000000 9.6020866321 7.2102621122 65.4430810206 0.0000000000 0.0000000000 0.0000000000 0.0000000000 0.0000000000 0.0000000000 0.0000000000 0.0000000000 0.0000000000 0.0000000000 0.0000000000 0.0000000000 0.0000000000  
1.4961787263 -45.3045047825 102.0975699944 -60.4935633735 -4.7648200757 -28.6355277826 324.3546317819 -8.2816817318 54.8176962529 0.0000000000 -12.7946063469 83.7026910937 209.6031247771 0.0000000000 0.0000000000 0.0000000000 0.0000000000 0.0000000000 0.0000000000 0.0000000000 0.0000000000 0.0000000000 0.0000000000 0.0000000000 0.0000000000 0.0000000000  
0.0000000000 0.0000000000 0.0000000000 0.0000000000 0.0000000000 0.0000000000 0.0000000000 0.0000000000 0.0000000000 70.9907562779 0.0000000000 0.0000000000 0.0000000000 0.0000000000 0.0000000000 0.0000000000 0.0000000000 0.0000000000 0.0000000000 0.0000000000 0.0000000000 0.0000000000 0.0000000000 0.0000000000 0.0000000000 0.0000000000  
-1.6324788440 25.2818663161 -47.3187099777 21.4196803325 5.0763226471 -11.6483610660 38.2574778702 9.6020866321 -12.7946063469 0.0000000000 17.6881837243 21.8191879037 137.9332572104 0.0000000000 0.0000000000 0.0000000000 0.0000000000 0.0000000000 0.0000000000 0.0000000000 0.0000000000 0.0000000000 0.0000000000 0.0000000000 0.0000000000 0.0000000000  
-2.5175267772 -36.2025529356 89.4697484707 -65.6794523935 3.5110700643 -87.7982425830 777.5891729972 7.2102621122 83.7026910937 0.0000000000 21.8191879037 336.7141042242 1225.8247238745 0.0000000000 0.0000000000 0.0000000000 0.0000000000 0.0000000000 0.0000000000 0.0000000000 0.0000000000 0.0000000000 0.0000000000 0.0000000000 0.0000000000 0.0000000000  
-16.8294771661 -34.9239688458 91.9471670210 -90.1141873612 29.0881380681 -303.8577294967 2469.7857911332 65.4430810206 209.6031247771 0.0000000000 137.9332572104 1225.8247238745 19733.4305645329 0.0000000000 0.0000000000 0.0000000000 0.0000000000 0.0000000000 0.0000000000 0.0000000000 0.0000000000 0.0000000000 0.0000000000 0.0000000000 0.0000000000 0.0000000000  
163.0792303947 -2877.7802483098 5398.9230990898 -2784.5088806975 -518.9552715297 147.0769947469 3277.1604907411 -611.9280151778 1113.4357836136 0.0000052941 -917.6545316779 -432.1064314719 -27081.2816490390 0.0000000000 0.0000000000 0.0000000000 0.0000000000 0.0000000000 0.0000000000 0.0000000000 0.0000000000 0.0000000000 0.0000000000 0.0000000000 0.0000000000 0.0000000000  
207.1214807888 -4566.2324143647 7785.0322776498 -4024.2273465039 -771.2014902133 -263.7541131424 8214.2950394852 -628.7890439204 1517.4510071357 -0.0000020991 -847.7644503998 1108.3333346236 -4455.5669447426 0.0000000000 0.0000000000 0.0000000000 0.0000000000 0.0000000000 0.0000000000 0.0000000000 0.0000000000 0.0000000000 0.0000000000 0.0000000000 0.0000000000 0.0000000000  
-534.1917246224 7958.8779772228 -18093.3245166342 8606.7215424703 1373.3093980021 1038.3407940575 -19557.6049237661 1245.0428945120 -3343.8781840163 -0.0000005496 1609.3495949680 -2714.5431686483 2016.4190168306 0.0000000000 0.0000000000 0.0000000000 0.0000000000 0.0000000000 0.0000000000 0.0000000000 0.0000000000 0.0000000000 0.0000000000 0.0000000000 0.0000000000 0.0000000000  
292.4511869152 -4857.6913595859 10092.3769489982 -5494.2361531356 -814.1649305223 -997.1472417198 14588.9187471103 -731.4514184519 2353.4219298980 -0.0000021218 -918.6725545406 2333.2359475647 -4482.3637530855 0.0000000000 0.0000000000 0.0000000000 0.0000000000 0.0000000000 0.0000000000 0.0000000000 0.0000000000 0.0000000000 0.0000000000 0.0000000000 0.0000000000 0.0000000000  
436.0439523974 -6587.2673390607 12578.1265260304 -6494.1040908071 -1241.1605606699 317.0772280100 7047.2546976081 -1327.6914366034 2473.2822033821 -0.0000012167 -1981.9094187421 -965.3478687273 -63668.1687134155 0.0000000000 0.0000000000 0.0000000000 0.0000000000 0.0000000000 0.0000000000 0.0000000000 0.0000000000 0.0000000000 0.0000000000 0.0000000000 0.0000000000 0.0000000000  
-17.5214230350 -276.8306353301 871.6309927806 -660.2073472546 37.8895595302 -867.4626784235 7487.6070777131 74.6832818027 581.2032992929 0.0000028512 172.0067655234 1644.0888745363 5009.2277073507 0.0000000000 0.0000000000 0.0000000000 0.0000000000 0.0000000000 0.0000000000 0.0000000000 0.0000000000 0.0000000000 0.0000000000 0.0000000000 0.0000000000 0.0000000000  
409.2311967857 19455.7886854011 -46778.7257474994 30497.0390749839 -7.7936162456 30598.7285054941 -285092.3380172716 -355.5590784548 -24674.4088340236 0.0000000192 -2929.0608154479 -59210.9119175710 -188394.7041651261 0.0000000000 0.0000000000 0.0000000000 0.0000000000 0.0000000000 0.0000000000 0.0000000000 0.0000000000 0.0000000000 0.0000000000 0.0000000000 0.0000000000 0.0000000000  
589.6143908404 -9037.9749476167 17402.9727800509 -8950.8439682389 -1689.7199053456 504.7378046799 9647.6322057014 -1920.6745363958 3513.7358750179 0.0000040685 -2869.2294172906 -1427.9600910676 -87036.3168893400 0.0000000000 0.0000000000 0.0000000000 0.0000000000 0.0000000000 0.0000000000 0.0000000000 0.0000000000 0.0000000000 0.0000000000 0.0000000000 0.0000000000 0.0000000000  
-115.3727814709 2129.3496607125 -4297.0165409217 2358.3754152767 338.4676520879 424.6304114959 -6919.8257357539 402.1422689255 -1415.5791091167 0.0000068141 600.3236000989 -1278.2888259457 12193.9686643511 0.0000000000 0.0000000000 0.0000000000 0.0000000000 0.0000000000 0.0000000000 0.0000000000 0.0000000000 0.0000000000 0.0000000000 0.0000000000 0.0000000000 0.0000000000  
-0.0000179636 0.0003229664 -0.0006147828 0.0003210048 0.0000554267 0.0000183527 -0.0006419969 0.0000599304 -0.0001584732 -5381.7090313162 0.0000851788 -0.0001413580 -0.0000635071 0.0000000000 0.0000000000 0.0000000000 0.0000000000 0.0000000000 0.0000000000 0.0000000000 0.0000000000 0.0000000000 0.0000000000 0.0000000000 0.0000000000 0.0000000000  
338.6514800698 -5208.5890848244 10015.5955680718 -5145.8031000262 -973.6394438893 333.3021238378 5340.8972169975 -1132.6498292965 2113.1394950670 0.0000006933 -1745.7485002706 -882.3128918610 -51047.6968636048 0.0000000000 0.0000000000 0.0000000000 0.0000000000 0.0000000000 0.0000000000 0.0000000000 0.0000000000 0.0000000000 0.0000000000 0.0000000000 0.0000000000 0.0000000000  
91.0620394988 327.4862792838 -1082.1564931795 1016.6567536143 -175.9179457799 2049.2077910176 -17391.2232621345 -267.4935974284 -1759.5339320064 0.0000019395 -653.2397529871 -7896.4115677402 -30640.7842884031 0.0000000000 0.0000000000 0.0000000000 0.0000000000 0.0000000000 0.0000000000 0.0000000000 0.0000000000 0.0000000000 0.0000000000 0.0000000000 0.0000000000 0.0000000000  
229.2627029971 -247.7538609183 172.0346211818 408.4758930263 -446.4835460387 3470.2008719150 -27226.1905262999 -870.3974083883 -2108.7955268644 0.0000001957 -1753.2188025812 -13804.8037915175 -221850.5318211929 0.0000000000 0.0000000000 0.0000000000 0.0000000000 0.0000000000 0.0000000000 0.0000000000 0.0000000000 0.0000000000 0.0000000000 0.0000000000 0.0000000000 0.0000000000  
1.8152215760 4.9542371918 13.5207313352 0.4732057693 1.5515028555 -2.9311017311 -3.0378924914 -9.2384147416 -3.1796507024 0.0000000000 -13.0069146030 -1.7324590302 -0.6080169959 0.0000000000 0.0000000000 0.0000000000 0.0000000000 0.0000000000 0.0000000000 0.0000000000 0.0000000000 0.0000000000 0.0000000000 0.0000000000 0.0000000000 0.0000000000  
4.9542371918 19.6742285372 82.3442335964 2.3400249591 7.4052974118 -19.5715614831 -21.2918275376 -44.7461125521 -20.5528080610 0.0000000000 -68.3951298347 -9.9349372698 -1.6636549815 0.0000000000 0.0000000000 0.0000000000 0.0000000000 0.0000000000 0.0000000000 0.0000000000 0.0000000000 0.0000000000 0.0000000000 0.0000000000 0.0000000000 0.0000000000  
13.5207313352 82.3442335964 439.2412718888 12.5648200010 37.6525780663 -114.5783504626 -124.2670757364 -206.9040639650 -117.1731467793 0.0000000000 -339.7465900790 -53.8743483056 -1.6498042246 0.0000000000 0.0000000000 0.0000000000 0.0000000000 0.0000000000 0.0000000000 0.0000000000 0.0000000000 0.0000000000 0.0000000000 0.0000000000 0.0000000000 0.0000000000  
0.4732057693 2.3400249591 12.5648200010 1.0466775214 1.8003137470 -6.1046121595 -5.4476298515 1.4561405221 -5.5193040961 0.0000000000 -0.9554515531 -2.1416983306 1.8235224791 0.0000000000 0.0000000000 0.0000000000 0.0000000000 0.0000000000 0.0000000000 0.0000000000 0.0000000000 0.0000000000 0.0000000000 0.0000000000 0.0000000000 0.0000000000  
1.5515028555 7.4052974118 37.6525780663 1.8003137470 6.8737343508 -14.6978937918 -16.0276898881 -17.7666082680 -14.3651365901 0.0000000000 -31.5480074022 -6.5840037514 1.4801095389 0.0000000000 0.0000000000 0.0000000000 0.0000000000 0.0000000000 0.0000000000 0.0000000000 0.0000000000 0.0000000000 0.0000000000 0.0000000000 0.0000000000 0.0000000000  
-2.9311017311 -19.5715614831 -114.5783504626 -6.1046121595 -14.6978937918 126.6950567552 131.4482807165 31.5973162503 120.7030537671 0.0000000000 294.8830672524 42.4520236922 -36.5367414367 0.0000000000 0.0000000000 0.0000000000 0.0000000000 0.0000000000 0.0000000000 0.0000000000 0.0000000000 0.0000000000 0.0000000000 0.0000000000 0.0000000000 0.0000000000  
-3.0378924914 -21.2918275376 -124.2670757364 -5.4476298515 -16.0276898881 131.4482807165 191.3142630516 50.6092326242 119.2812144262 0.0000000000 296.7536066772 43.4630234492 -34.0052874175 0.0000000000 0.0000000000 0.0000000000 0.0000000000 0.0000000000 0.0000000000 0.0000000000 0.0000000000 0.0000000000 0.0000000000 0.0000000000 0.0000000000 0.0000000000  
-9.2384147416 -44.7461125521 -206.9040639650 1.4561405221 -17.7666082680 31.5973162503 50.6092326242 736.3573749844 33.9696830465 0.0000000000 928.4102944745 39.5015262783 52.6573052826 0.0000000000 0.0000000000 0.0000000000 0.0000000000 0.0000000000 0.0000000000 0.0000000000 0.0000000000 0.0000000000 0.0000000000 0.0000000000 0.0000000000 0.0000000000  
-3.1796507024 -20.5528080610 -117.1731467793 -5.5193040961 -14.3651365901 120.7030537671 119.2812144262 33.9696830465 139.0580206471 0.0000000000 356.1559789656 50.9592711972 -42.5650305231 0.0000000000 0.0000000000 0.0000000000 0.0000000000 0.0000000000 0.0000000000 0.0000000000 0.0000000000 0.0000000000 0.0000000000 0.0000000000 0.0000000000 0.0000000000  
0.0000000000 0.0000000000 0.0000000000 0.0000000000 0.0000000000 0.0000000000 0.0000000000 0.0000000000 0.0000000000 161.3277179364 0.0000000000 0.0000000000 0.0000000000 0.0000000000 0.0000000000 0.0000000000 0.0000000000 0.0000000000 0.0000000000 0.0000000000 0.0000000000 0.0000000000 0.0000000000 0.0000000000 0.0000000000 0.0000000000  
-13.0069146030 -68.3951298347 -339.7465900790 -0.9554515531 -31.5480074022 294.8830672524 296.7536066772 928.4102944745 356.1559789656 0.0000000000 8898.5110236376 258.1601019698 180.1522958234 0.0000000000 0.0000000000 0.0000000000 0.0000000000 0.0000000000 0.0000000000 0.0000000000 0.0000000000 0.0000000000 0.0000000000 0.0000000000 0.0000000000 0.0000000000  
-1.7324590302 -9.9349372698 -53.8743483056 -2.1416983306 -6.5840037514 42.4520236922 43.4630234492 39.5015262783 50.9592711972 0.0000000000 258.1601019698 22.5036390082 -9.4121106187 0.0000000000 0.0000000000 0.0000000000 0.0000000000 0.0000000000 0.0000000000 0.0000000000 0.0000000000 0.0000000000 0.0000000000 0.0000000000 0.0000000000 0.0000000000  
-0.6080169959 -1.6636549815 -1.6498042246 1.8235224791 1.4801095389 -36.5367414367 -34.0052874175 52.6573052826 -42.5650305231 0.0000000000 180.1522958234 -9.4121106187 34.1979992761 0.0000000000 0.0000000000 0.0000000000 0.0000000000 0.0000000000 0.0000000000 0.0000000000 0.0000000000 0.0000000000 0.0000000000 0.0000000000 0.0000000000 0.0000000000  
47.2136464843 406.3839133019 2481.6798031206 78.8473179532 266.7613697816 -2152.2024026259 -2225.9271451561 -2843.4952047438 -2343.0787165249 -0.3038295089 -17728.9406766919 -1063.5581141650 235.5993509003 0.0000000000 0.0000000000 0.0000000000 0.0000000000 0.0000000000 0.0000000000 0.0000000000 0.0000000000 0.0000000000 0.0000000000 0.0000000000 0.0000000000 0.0000000000  
-161.1397675402 -702.2345120739 -3184.8954312144 -108.6911296587 -313.0724687894 1380.3168949810 1427.1429651991 1389.5214530378 1474.5058778424 -30.6969850689 4099.9168387626 606.2426234607 -228.2016890060 0.0000000000 0.0000000000 0.0000000000 0.0000000000 0.0000000000 0.0000000000 0.0000000000 0.0000000000 0.0000000000 0.0000000000 0.0000000000 0.0000000000 0.0000000000  
-332.7804530237 -2024.1013887658 -10791.8630240342 -307.7773306201 -926.2190502169 2863.6105592983 3103.5419867875 5206.0645091565 2934.0674976998 0.7183521651 9253.4212626216 1355.0776276540 47.7805405191 0.0000000000 0.0000000000 0.0000000000 0.0000000000 0.0000000000 0.0000000000 0.0000000000 0.0000000000 0.0000000000 0.0000000000 0.0000000000 0.0000000000 0.0000000000  
-68.8721975596 -410.5776649892 -2229.1263744011 -77.2545838124 -243.1927068327 1704.6108715769 1756.5353941837 2285.4788791405 1836.2987654314 12.4828566461 14040.7938761140 845.5310974271 -152.9254162209 0.0000000000 0.0000000000 0.0000000000 0.0000000000 0.0000000000 0.0000000000 0.0000000000 0.0000000000 0.0000000000 0.0000000000 0.0000000000 0.0000000000 0.0000000000  
-47.1621886381 -254.0894057459 -1309.5313056441 -32.8146919803 -156.8315381711 741.6394223689 789.4552434373 2023.6980910558 809.3255843889 -0.0567362650 9867.2798832654 453.8497239511 119.0283960087 0.0000000000 0.0000000000 0.0000000000 0.0000000000 0.0000000000 0.0000000000 0.0000000000 0.0000000000 0.0000000000 0.0000000000 0.0000000000 0.0000000000 0.0000000000  
95.2136376271 630.8234284614 3693.7232600557 201.1675353311 481.9722816397 -4289.0203354544 -4448.7760153551 -1002.5152054568 -4101.6835181752 17.0565644316 -9474.9704758280 -1430.4943035775 1280.6469218834 0.0000000000 0.0000000000 0.0000000000 0.0000000000 0.0000000000 0.0000000000 0.0000000000 0.0000000000 0.0000000000 0.0000000000 0.0000000000 0.0000000000 0.0000000000  
-66.4258338146 -50.7747803110 818.3296392325 266.8830826648 305.1444598580 -3940.4529101507 -6339.7139145668 13041.2161602391 -3044.4308321270 1957.5436539544 53007.0970714628 46.3148728495 3504.0659475938 0.0000000000 0.0000000000 0.0000000000 0.0000000000 0.0000000000 0.0000000000 0.0000000000 0.0000000000 0.0000000000 0.0000000000 0.0000000000 0.0000000000 0.0000000000  
281.5898668492 1233.4386910748 5161.4410402899 -155.4255990339 348.3831037614 2621.3778097821 2516.2659996714 -26859.8891401681 2824.8475026984 2051.9228018085 34052.1119050701 821.2607347367 -1333.5048830415 0.0000000000 0.0000000000 0.0000000000 0.0000000000 0.0000000000 0.0000000000 0.0000000000 0.0000000000 0.0000000000 0.0000000000 0.0000000000 0.0000000000 0.0000000000  
38.1741827326 250.5898964002 1441.9572969092 70.4859443342 182.1165057658 -1639.6698951945 -1600.1732322127 -350.1621957884 -1945.0741214804 10.3607272376 -4530.2038505873 -702.8928802976 628.8180870177 0.0000000000 0.0000000000 0.0000000000 0.0000000000 0.0000000000 0.0000000000 0.0000000000 0.0000000000 0.0000000000 0.0000000000 0.0000000000 0.0000000000 0.0000000000  
-271.8406973600 -1435.2469309214 -7118.1583204974 -46.5232956339 -687.8981415173 4332.5410027881 5333.0523481382 18258.8188844546 4703.0305107982 -7760.8817769332 93271.2524148284 3202.8442581839 2022.2747339940 0.0000000000 0.0000000000 0.0000000000 0.0000000000 0.0000000000 0.0000000000 0.0000000000 0.0000000000 0.0000000000 0.0000000000 0.0000000000 0.0000000000 0.0000000000  
386.2850127310 2036.6111613896 10156.0483547851 14.8749829823 930.7858783907 -10332.6642674438 -9841.6156124586 -28442.3634434911 -12785.8937418102 1405.7531706350 -332052.3974550870 -9331.9155794938 -6519.7259860478 0.0000000000 0.0000000000 0.0000000000 0.0000000000 0.0000000000 0.0000000000 0.0000000000 0.0000000000 0.0000000000 0.0000000000 0.0000000000 0.0000000000 0.0000000000  
40.5402441752 219.4280524577 1165.0961541761 44.6924954734 149.3588075814 -945.4003960157 -970.1587614626 -1046.0551364315 -1223.3573713790 -2.1120797286 -7326.3281113795 -573.3511639149 190.3911254968 0.0000000000 0.0000000000 0.0000000000 0.0000000000 0.0000000000 0.0000000000 0.0000000000 0.0000000000 0.0000000000 0.0000000000 0.0000000000 0.0000000000 0.0000000000  
-164.8071444574 -941.0084068937 -4972.2082577296 -115.4254464107 -553.9936132016 4808.7719094918 5316.8035292476 10316.4534302517 5401.0445271836 1121.3151746426 64606.4983216383 2833.7788091231 55.5244713136 0.0000000000 0.0000000000 0.0000000000 0.0000000000 0.0000000000 0.0000000000 0.0000000000 0.0000000000 0.0000000000 0.0000000000 0.0000000000 0.0000000000 0.0000000000  
