0.1785590070 1.0063730358 -4.6768895452 -0.7803272910 1.8327858605 0.7699667631 1.5456901364 1.4400181688 0.3316050480 0.0000000000 1.0519295402 4.1567924033 -0.0000000000 0.0000000000 0.0000000000 0.0000000000 0.0000000000 0.0000000000 0.0000000000 0.0000000000 0.0000000000 0.0000000000 0.0000000000 0.0000000000 0.0000000000 0.0000000000  
1.0063730358 10.6732385681 -52.4370213262 -5.0410832624 11.7195446263 11.4356006547 17.7357071249 10.2232487477 6.3456263073 0.0000000000 5.3648173131 45.0463095899 -0.0000000000 0.0000000000 0.0000000000 0.0000000000 0.0000000000 0.0000000000 0.0000000000 0.0000000000 0.0000000000 0.0000000000 0.0000000000 0.0000000000 0.0000000000 0.0000000000  
-4.6768895452 -52.4370213262 982.2909546910 9.1986996059 -30.9686164672 -52.5770914637 -52.1313848670 -29.7862814431 -45.1140265748 0.0000000000 -6.0833829295 -177.9362196924 -0.0000000000 0.0000000000 0.0000000000 0.0000000000 0.0000000000 0.0000000000 0.0000000000 0.0000000000 0.0000000000 0.0000000000 0.0000000000 0.0000000000 0.0000000000 0.0000000000  
-0.7803272910 -5.0410832624 9.1986996059 4.4100349308 -10.2766983710 -2.5356705883 -7.2748576833 -7.9122988046 -0.2974580835 0.0000000000 -6.2990962628 -18.3945390107 0.0000000000 0.0000000000 0.0000000000 0.0000000000 0.0000000000 0.0000000000 0.0000000000 0.0000000000 0.0000000000 0.0000000000 0.0000000000 0.0000000000 0.0000000000 0.0000000000  
1.8327858605 11.7195446263 -30.9686164672 -10.2766983710 30.3464933318 -0.8024754175 11.6824280894 22.4712559827 -4.2235506806 0.0000000000 18.7391473128 23.8277962751 -0.0000000000 0.0000000000 0.0000000000 0.0000000000 0.0000000000 0.0000000000 0.0000000000 0.0000000000 0.0000000000 0.0000000000 0.0000000000 0.0000000000 0.0000000000 0.0000000000  
0.7699667631 11.4356006547 -52.5770914637 -2.5356705883 -0.8024754175 27.5214292997 36.4038719552 6.9249051258 17.8066224736 0.0000000000 -3.2821548802 82.3492707391 -0.0000000000 0.0000000000 0.0000000000 0.0000000000 0.0000000000 0.0000000000 0.0000000000 0.0000000000 0.0000000000 0.0000000000 0.0000000000 0.0000000000 0.0000000000 0.0000000000  
1.5456901364 17.7357071249 -52.1313848670 -7.2748576833 11.6824280894 36.4038719552 74.2987890691 29.9242993031 29.3138979603 0.0000000000 3.0847725607 122.1210598005 0.0000000000 0.0000000000 0.0000000000 0.0000000000 0.0000000000 0.0000000000 0.0000000000 0.0000000000 0.0000000000 0.0000000000 0.0000000000 0.0000000000 0.0000000000 0.0000000000  
1.4400181688 10.2232487477 -29.7862814431 -7.9122988046 22.4712559827 6.9249051258 29.9242993031 27.2590678895 0.9164727865 0.0000000000 15.5170856792 32.6368718685 0.0000000000 0.0000000000 0.0000000000 0.0000000000 0.0000000000 0.0000000000 0.0000000000 0.0000000000 0.0000000000 0.0000000000 0.0000000000 0.0000000000 0.0000000000 0.0000000000  
0.3316050480 6.3456263073 -45.1140265748 -0.2974580835 -4.2235506806 17.8066224736 29.3138979603 0.9164727865 28.4831768213 0.0000000000 -11.4497426793 67.6924181633 -0.0000000000 0.0000000000 0.0000000000 0.0000000000 0.0000000000 0.0000000000 0.0000000000 0.0000000000 0.0000000000 0.0000000000 0.0000000000 0.0000000000 0.0000000000 0.0000000000  
0.0000000000 0.0000000000 0.0000000000 0.0000000000 0.0000000000 0.0000000000 0.0000000000 0.0000000000 0.0000000000 614.9621407780 0.0000000000 0.0000000000 0.0000000000 0.0000000000 0.0000000000 0.0000000000 0.0000000000 0.0000000000 0.0000000000 0.0000000000 0.0000000000 0.0000000000 0.0000000000 0.0000000000 0.0000000000 0.0000000000  
1.0519295402 5.3648173131 -6.0833829295 -6.2990962628 18.7391473128 -3.2821548802 3.0847725607 15.5170856792 -11.4497426793 0.0000000000 15.5643103516 -2.6122601437 -0.0000000000 0.0000000000 0.0000000000 0.0000000000 0.0000000000 0.0000000000 0.0000000000 0.0000000000 0.0000000000 0.0000000000 0.0000000000 0.0000000000 0.0000000000 0.0000000000  
4.1567924033 45.0463095899 -177.9362196924 -18.3945390107 23.8277962751 82.3492707391 122.1210598005 32.6368718685 67.6924181633 0.0000000000 -2.6122601437 702.3633067257 -0.0000000000 0.0000000000 0.0000000000 0.0000000000 0.0000000000 0.0000000000 0.0000000000 0.0000000000 0.0000000000 0.0000000000 0.0000000000 0.0000000000 0.0000000000 0.0000000000  
-0.0000000000 -0.0000000000 -0.0000000000 0.0000000000 -0.0000000000 -0.0000000000 0.0000000000 0.0000000000 -0.0000000000 0.0000000000 -0.0000000000 -0.0000000000 614.9621407780 0.0000000000 0.0000000000 0.0000000000 0.0000000000 0.0000000000 0.0000000000 0.0000000000 0.0000000000 0.0000000000 0.0000000000 0.0000000000 0.0000000000 0.0000000000  
-5.8867394909 -37.7419947905 202.3870479816 27.1495499136 -69.2051388468 -24.5060188793 -58.7452855520 -58.0052240156 -10.3440049363 0.0000000000 -40.0795703882 -108.1386142874 0.0000000000 0.0000000000 0.0000000000 0.0000000000 0.0000000000 0.0000000000 0.0000000000 0.0000000000 0.0000000000 0.0000000000 0.0000000000 0.0000000000 0.0000000000 0.0000000000  
-19.4737252829 -217.1381851862 1101.5599575096 96.7899576730 -222.1204309405 -240.4629562568 -355.7296407887 -192.7639361384 -135.2647602640 0.0000000000 -96.7861425206 -839.6945080938 0.0000000000 0.0000000000 0.0000000000 0.0000000000 0.0000000000 0.0000000000 0.0000000000 0.0000000000 0.0000000000 0.0000000000 0.0000000000 0.0000000000 0.0000000000 0.0000000000  
91.5746677988 1027.6781267364 -19288.2303797428 -179.1699318295 604.9528581561 1030.2941364842 1019.2422324598 582.0193574998 884.8546889440 0.0000000000 117.7238316701 3470.0724264514 0.0000000000 0.0000000000 0.0000000000 0.0000000000 0.0000000000 0.0000000000 0.0000000000 0.0000000000 0.0000000000 0.0000000000 0.0000000000 0.0000000000 0.0000000000 0.0000000000  
15.0298121743 91.7077111348 -180.3544653057 -86.0110232544 200.7068573253 30.6628408228 111.6334411202 147.6754577936 -6.9641084838 -0.0000000000 126.2336191559 54.4069352170 0.0000000000 0.0000000000 0.0000000000 0.0000000000 0.0000000000 0.0000000000 0.0000000000 0.0000000000 0.0000000000 0.0000000000 0.0000000000 0.0000000000 0.0000000000 0.0000000000  
-41.9561648829 -266.6812772385 720.1432542637 235.7422516288 -704.7201309525 33.1385814245 -253.3408306866 -520.4648446018 107.9133409498 0.0000000000 -437.0352995209 -355.4050045407 -0.0000000000 0.0000000000 0.0000000000 0.0000000000 0.0000000000 0.0000000000 0.0000000000 0.0000000000 0.0000000000 0.0000000000 0.0000000000 0.0000000000 0.0000000000 0.0000000000  
-14.7633974158 -231.3887670944 1072.5708469032 45.3928174528 39.1681619710 -578.6913224494 -755.9163100645 -129.5204356118 -375.1926883442 -0.0000000000 81.9320927864 -1669.3405557338 0.0000000000 0.0000000000 0.0000000000 0.0000000000 0.0000000000 0.0000000000 0.0000000000 0.0000000000 0.0000000000 0.0000000000 0.0000000000 0.0000000000 0.0000000000 0.0000000000  
-29.9904553022 -347.6413265163 1019.0629468341 140.5964486740 -221.6393435093 -723.5840998445 -1477.3869811464 -590.2434686188 -584.4809250831 0.0000000000 -55.2884261803 -2391.8583635882 -0.0000000000 0.0000000000 0.0000000000 0.0000000000 0.0000000000 0.0000000000 0.0000000000 0.0000000000 0.0000000000 0.0000000000 0.0000000000 0.0000000000 0.0000000000 0.0000000000  
-28.5780093867 -201.8700152535 581.4035585522 157.7812208457 -455.4539574740 -136.0558435130 -626.0635946157 -571.9495276685 -12.0563631022 0.0000000000 -321.0448277777 -504.1694238712 -0.0000000000 0.0000000000 0.0000000000 0.0000000000 0.0000000000 0.0000000000 0.0000000000 0.0000000000 0.0000000000 0.0000000000 0.0000000000 0.0000000000 0.0000000000 0.0000000000  
-5.7473327458 -122.8715533346 893.0876812335 0.4894683796 101.3207979497 -362.9275990472 -596.3259570043 -9.1323325997 -587.3561468339 -0.0000000000 244.5103196706 -1329.3981277510 0.0000000000 0.0000000000 0.0000000000 0.0000000000 0.0000000000 0.0000000000 0.0000000000 0.0000000000 0.0000000000 0.0000000000 0.0000000000 0.0000000000 0.0000000000 0.0000000000  
-0.0000000000 -0.0000000000 0.0000000000 0.0000000000 -0.0000000000 -0.0000000000 -0.0000000000 -0.0000000000 -0.0000000000 -14853.9591811501 0.0000000000 -0.0000000000 0.0000000000 0.0000000000 0.0000000000 0.0000000000 0.0000000000 0.0000000000 0.0000000000 0.0000000000 0.0000000000 0.0000000000 0.0000000000 0.0000000000 0.0000000000 0.0000000000  
-25.9155052307 -129.3575856684 167.0160485060 155.6020938068 -469.3909565921 95.4357665757 -57.6749754153 -387.5741495183 301.3360277671 -0.0000000000 -394.2632948722 219.3875009489 -0.0000000000 0.0000000000 0.0000000000 0.0000000000 0.0000000000 0.0000000000 0.0000000000 0.0000000000 0.0000000000 0.0000000000 0.0000000000 0.0000000000 0.0000000000 0.0000000000  
-73.2610681776 -791.7636449174 3167.0096333574 324.4203667339 -428.8483331808 -1437.0741017661 -2141.1295499748 -583.9902332781 -1180.5102067813 -0.0000000000 36.8446338176 -12162.8802570020 0.0000000000 0.0000000000 0.0000000000 0.0000000000 0.0000000000 0.0000000000 0.0000000000 0.0000000000 0.0000000000 0.0000000000 0.0000000000 0.0000000000 0.0000000000 0.0000000000  
0.0000000000 0.0000000000 0.0000000000 -0.0000000000 0.0000000000 0.0000000000 -0.0000000000 -0.0000000000 0.0000000000 0.0000000000 0.0000000000 0.0000000000 -14834.1979088337 0.0000000000 0.0000000000 0.0000000000 0.0000000000 0.0000000000 0.0000000000 0.0000000000 0.0000000000 0.0000000000 0.0000000000 0.0000000000 0.0000000000 0.0000000000  
51.8118164498 -56.8885096373 70.6304482292 -10.4818427971 31.2585803147 7.4123621031 31.4241312646 5.7664572232 -1.2691083592 0.0000000000 19.0050939211 98.8994697094 -0.0000000000 0.0000000000 0.0000000000 0.0000000000 0.0000000000 0.0000000000 0.0000000000 0.0000000000 0.0000000000 0.0000000000 0.0000000000 0.0000000000 0.0000000000 0.0000000000  
-56.8885096373 95.9282001959 -225.2594412973 1.8269835101 -16.1089248953 8.6246487100 6.9444453897 -5.8901215896 8.4533748101 0.0000000000 -22.1696870764 -65.2962575975 0.0000000000 0.0000000000 0.0000000000 0.0000000000 0.0000000000 0.0000000000 0.0000000000 0.0000000000 0.0000000000 0.0000000000 0.0000000000 0.0000000000 0.0000000000 0.0000000000  
70.6304482292 -225.2594412973 765.9380436727 40.1994142566 -20.0720478581 -82.0769623067 -187.5634851179 16.4908272703 -40.5777596334 0.0000000000 36.0903717134 -100.1471982580 -0.0000000000 0.0000000000 0.0000000000 0.0000000000 0.0000000000 0.0000000000 0.0000000000 0.0000000000 0.0000000000 0.0000000000 0.0000000000 0.0000000000 0.0000000000 0.0000000000  
-10.4818427971 1.8269835101 40.1994142566 14.9389474681 -16.8261629457 -22.7504740102 -62.4565250638 4.9971243131 -7.8377273906 0.0000000000 -5.2460204370 -88.2654112243 0.0000000000 0.0000000000 0.0000000000 0.0000000000 0.0000000000 0.0000000000 0.0000000000 0.0000000000 0.0000000000 0.0000000000 0.0000000000 0.0000000000 0.0000000000 0.0000000000  
31.2585803147 -16.1089248953 -20.0720478581 -16.8261629457 181.6400152741 28.5996173692 72.7144865377 9.3987019929 6.7501252671 0.0000000000 43.0686614214 213.0829642700 -0.0000000000 0.0000000000 0.0000000000 0.0000000000 0.0000000000 0.0000000000 0.0000000000 0.0000000000 0.0000000000 0.0000000000 0.0000000000 0.0000000000 0.0000000000 0.0000000000  
7.4123621031 8.6246487100 -82.0769623067 -22.7504740102 28.5996173692 49.9347197988 126.4463259297 -12.1439700022 23.0831296128 0.0000000000 -0.0485693512 168.4278218293 0.0000000000 0.0000000000 0.0000000000 0.0000000000 0.0000000000 0.0000000000 0.0000000000 0.0000000000 0.0000000000 0.0000000000 0.0000000000 0.0000000000 0.0000000000 0.0000000000  
31.4241312646 6.9444453897 -187.5634851179 -62.4565250638 72.7144865377 126.4463259297 425.3257042189 5.5124297478 50.7755019362 0.0000000000 40.8490781133 647.7455883453 -0.0000000000 0.0000000000 0.0000000000 0.0000000000 0.0000000000 0.0000000000 0.0000000000 0.0000000000 0.0000000000 0.0000000000 0.0000000000 0.0000000000 0.0000000000 0.0000000000  
5.7664572232 -5.8901215896 16.4908272703 4.9971243131 9.3987019929 -12.1439700022 5.5124297478 33.6616235915 -20.5995337312 0.0000000000 29.8414858589 41.9448751907 -0.0000000000 0.0000000000 0.0000000000 0.0000000000 0.0000000000 0.0000000000 0.0000000000 0.0000000000 0.0000000000 0.0000000000 0.0000000000 0.0000000000 0.0000000000 0.0000000000  
-1.2691083592 8.4533748101 -40.5777596334 -7.8377273906 6.7501252671 23.0831296128 50.7755019362 -20.5995337312 25.7423610768 0.0000000000 -20.2248592273 62.7214343319 0.0000000000 0.0000000000 0.0000000000 0.0000000000 0.0000000000 0.0000000000 0.0000000000 0.0000000000 0.0000000000 0.0000000000 0.0000000000 0.0000000000 0.0000000000 0.0000000000  
0.0000000000 0.0000000000 0.0000000000 0.0000000000 0.0000000000 0.0000000000 0.0000000000 0.0000000000 0.0000000000 1128.9587147293 0.0000000000 0.0000000000 0.0000000000 0.0000000000 0.0000000000 0.0000000000 0.0000000000 0.0000000000 0.0000000000 0.0000000000 0.0000000000 0.0000000000 0.0000000000 0.0000000000 0.0000000000 0.0000000000  
19.0050939211 -22.1696870764 36.0903717134 -5.2460204370 43.0686614214 -0.0485693512 40.8490781133 29.8414858589 -20.2248592273 0.0000000000 49.6000965153 127.1286754782 -0.0000000000 0.0000000000 0.0000000000 0.0000000000 0.0000000000 0.0000000000 0.0000000000 0.0000000000 0.0000000000 0.0000000000 0.0000000000 0.0000000000 0.0000000000 0.0000000000  
98.8994697094 -65.2962575975 -100.1471982580 -88.2654112243 213.0829642700 168.4278218293 647.7455883453 41.9448751907 62.7214343319 0.0000000000 127.1286754782 2052.9219763127 0.0000000000 0.0000000000 0.0000000000 0.0000000000 0.0000000000 0.0000000000 0.0000000000 0.0000000000 0.0000000000 0.0000000000 0.0000000000 0.0000000000 0.0000000000 0.0000000000  
-0.0000000000 0.0000000000 -0.0000000000 0.0000000000 -0.0000000000 0.0000000000 -0.0000000000 -0.0000000000 0.0000000000 0.0000000000 -0.0000000000 0.0000000000 1128.9587147293 0.0000000000 0.0000000000 0.0000000000 0.0000000000 0.0000000000 0.0000000000 0.0000000000 0.0000000000 0.0000000000 0.0000000000 0.0000000000 0.0000000000 0.0000000000  
-775.9791451378 649.8431526887 -113.0707963400 310.3510633018 -944.3207172432 -411.4309615046 -1481.1845371864 -159.8763517752 -67.6695477088 0.0000000000 -477.0447849699 -3806.9656602074 0.0000000000 0.0000000000 0.0000000000 0.0000000000 0.0000000000 0.0000000000 0.0000000000 0.0000000000 0.0000000000 0.0000000000 0.0000000000 0.0000000000 0.0000000000 0.0000000000  
1372.3469753616 -2244.7458920329 5132.8798413595 -72.5108589319 515.8519769514 -162.9642962427 -23.1527705946 166.3427000533 -201.4989099692 0.0000000000 580.5100901584 1872.9616734302 -0.0000000000 0.0000000000 0.0000000000 0.0000000000 0.0000000000 0.0000000000 0.0000000000 0.0000000000 0.0000000000 0.0000000000 0.0000000000 0.0000000000 0.0000000000 0.0000000000  
-1418.0135945846 4480.4794740764 -15191.4604818706 -793.3223168549 373.8140780749 1628.3226002601 3712.8344985713 -337.0998786240 812.6197248055 0.0000000000 -733.0016809082 1956.0094233471 0.0000000000 0.0000000000 0.0000000000 0.0000000000 0.0000000000 0.0000000000 0.0000000000 0.0000000000 0.0000000000 0.0000000000 0.0000000000 0.0000000000 0.0000000000 0.0000000000  
115.5172588975 101.6256696016 -1045.4798790783 -269.7195773168 370.3183220558 458.3659776562 1343.9831288902 -50.5315555617 169.4575925410 -0.0000000000 120.6683788414 2370.8940595895 0.0000000000 0.0000000000 0.0000000000 0.0000000000 0.0000000000 0.0000000000 0.0000000000 0.0000000000 0.0000000000 0.0000000000 0.0000000000 0.0000000000 0.0000000000 0.0000000000  
-746.2847871541 287.2631358602 885.1178181766 471.8713930340 -4867.3812976613 -848.0605072619 -2167.3678075883 -219.3649394265 -243.9526125748 -0.0000000000 -1110.3646876723 -6154.6538860541 0.0000000000 0.0000000000 0.0000000000 0.0000000000 0.0000000000 0.0000000000 0.0000000000 0.0000000000 0.0000000000 0.0000000000 0.0000000000 0.0000000000 0.0000000000 0.0000000000  
-82.3774578476 -153.1408524718 1258.8281049791 344.0815634526 -358.8830507058 -777.8960361933 -1908.0482763153 225.3579519611 -376.1465156783 0.0000000000 59.7717732173 -2279.0252077974 -0.0000000000 0.0000000000 0.0000000000 0.0000000000 0.0000000000 0.0000000000 0.0000000000 0.0000000000 0.0000000000 0.0000000000 0.0000000000 0.0000000000 0.0000000000 0.0000000000  
-705.5006992798 -155.7552042461 4211.4745152981 1403.5176450166 -1634.2643714389 -2842.1535982152 -9563.5972679894 -125.8121556175 -1140.6082229346 -0.0000000000 -920.0274247816 -14573.1898189353 0.0000000000 0.0000000000 0.0000000000 0.0000000000 0.0000000000 0.0000000000 0.0000000000 0.0000000000 0.0000000000 0.0000000000 0.0000000000 0.0000000000 0.0000000000 0.0000000000  
-18.5100459467 0.4674285710 -192.1950735984 -148.8622453518 -82.2046131201 304.7381326519 -149.5550565308 -841.3031019840 500.0496058263 -0.0000000000 -687.0038367017 -985.9687730074 0.0000000000 0.0000000000 0.0000000000 0.0000000000 0.0000000000 0.0000000000 0.0000000000 0.0000000000 0.0000000000 0.0000000000 0.0000000000 0.0000000000 0.0000000000 0.0000000000  
94.8525322065 -207.9578044671 725.3801618992 105.7836942354 23.4829924663 -377.2631196268 -726.7565669917 426.7023093448 -487.3759985469 0.0000000000 470.8244584723 -515.5645293137 -0.0000000000 0.0000000000 0.0000000000 0.0000000000 0.0000000000 0.0000000000 0.0000000000 0.0000000000 0.0000000000 0.0000000000 0.0000000000 0.0000000000 0.0000000000 0.0000000000  
-0.0000000000 0.0000000000 0.0000000000 0.0000000000 -0.0000000000 -0.0000000000 -0.0000000000 -0.0000000000 -0.0000000000 -27976.4291843584 -0.0000000000 -0.0000000000 0.0000000000 0.0000000000 0.0000000000 0.0000000000 0.0000000000 0.0000000000 0.0000000000 0.0000000000 0.0000000000 0.0000000000 0.0000000000 0.0000000000 0.0000000000 0.0000000000  
-427.2110871235 429.8289327867 -469.2163809375 182.7854519336 -1090.9022648184 -133.8727126689 -1373.0545376435 -683.9737458843 401.5309630858 0.0000000000 -1171.0935521054 -3917.2186654988 0.0000000000 0.0000000000 0.0000000000 0.0000000000 0.0000000000 0.0000000000 0.0000000000 0.0000000000 0.0000000000 0.0000000000 0.0000000000 0.0000000000 0.0000000000 0.0000000000  
-1026.7400315781 695.1688635955 963.4151696432 905.2863556052 -2159.8793669879 -1729.3482150613 -6656.3814224506 -423.8344255067 -650.8318659757 0.0000000000 -1296.1629508510 -21163.2595622921 -0.0000000000 0.0000000000 0.0000000000 0.0000000000 0.0000000000 0.0000000000 0.0000000000 0.0000000000 0.0000000000 0.0000000000 0.0000000000 0.0000000000 0.0000000000 0.0000000000  
0.0000000000 -0.0000000000 0.0000000000 -0.0000000000 0.0000000000 -0.0000000000 0.0000000000 0.0000000000 -0.0000000000 0.0000000000 0.0000000000 -0.0000000000 -28093.6608657787 0.0000000000 0.0000000000 0.0000000000 0.0000000000 0.0000000000 0.0000000000 0.0000000000 0.0000000000 0.0000000000 0.0000000000 0.0000000000 0.0000000000 0.0000000000  
1.2130069637 -1.4079880091 4.0156504349 0.5104342671 1.0861653042 -2.5296504769 -5.7941537637 0.3180942740 -1.0307271481 0.0000000000 1.8623086310 0.1130033930 0.0000000000 0.0000000000 0.0000000000 0.0000000000 0.0000000000 0.0000000000 0.0000000000 0.0000000000 0.0000000000 0.0000000000 0.0000000000 0.0000000000 0.0000000000 0.0000000000  
-1.4079880091 3.0155991145 -19.9154405498 -1.2431436982 -4.7327968026 9.9465533222 20.3370349053 -0.8194016038 3.3093953995 0.0000000000 -7.4366904492 -1.1068601597 -0.0000000000 0.0000000000 0.0000000000 0.0000000000 0.0000000000 0.0000000000 0.0000000000 0.0000000000 0.0000000000 0.0000000000 0.0000000000 0.0000000000 0.0000000000 0.0000000000  
4.0156504349 -19.9154405498 683.4897286660 -32.4573470371 -18.2103288586 94.8302554561 82.9570797744 -21.3338681763 -11.1227562573 0.0000000000 98.9383517656 92.4856533220 0.0000000000 0.0000000000 0.0000000000 0.0000000000 0.0000000000 0.0000000000 0.0000000000 0.0000000000 0.0000000000 0.0000000000 0.0000000000 0.0000000000 0.0000000000 0.0000000000  
0.5104342671 -1.2431436982 -32.4573470371 4.1118362267 6.9218343762 -18.6841781817 -28.6240724016 2.4375592305 -2.5447047462 0.0000000000 0.5050449997 -5.8819465075 0.0000000000 0.0000000000 0.0000000000 0.0000000000 0.0000000000 0.0000000000 0.0000000000 0.0000000000 0.0000000000 0.0000000000 0.0000000000 0.0000000000 0.0000000000 0.0000000000  
1.0861653042 -4.7327968026 -18.2103288586 6.9218343762 23.5356603649 -45.8221595317 -75.8439320964 4.3813067572 -7.9742240497 0.0000000000 10.8925866286 -8.5227317607 0.0000000000 0.0000000000 0.0000000000 0.0000000000 0.0000000000 0.0000000000 0.0000000000 0.0000000000 0.0000000000 0.0000000000 0.0000000000 0.0000000000 0.0000000000 0.0000000000  
-2.5296504769 9.9465533222 94.8302554561 -18.6841781817 -45.8221595317 131.0139487573 197.4084705244 -12.2256227354 17.6706647799 0.0000000000 -19.2358875138 29.0571281296 -0.0000000000 0.0000000000 0.0000000000 0.0000000000 0.0000000000 0.0000000000 0.0000000000 0.0000000000 0.0000000000 0.0000000000 0.0000000000 0.0000000000 0.0000000000 0.0000000000  
-5.7941537637 20.3370349053 82.9570797744 -28.6240724016 -75.8439320964 197.4084705244 981.6357220739 -40.7697758633 71.0074744536 0.0000000000 -133.3544359985 82.3425012236 -0.0000000000 0.0000000000 0.0000000000 0.0000000000 0.0000000000 0.0000000000 0.0000000000 0.0000000000 0.0000000000 0.0000000000 0.0000000000 0.0000000000 0.0000000000 0.0000000000  
0.3180942740 -0.8194016038 -21.3338681763 2.4375592305 4.3813067572 -12.2256227354 -40.7697758633 3.7182360114 -3.5373386935 0.0000000000 5.1915017502 -5.4595583202 0.0000000000 0.0000000000 0.0000000000 0.0000000000 0.0000000000 0.0000000000 0.0000000000 0.0000000000 0.0000000000 0.0000000000 0.0000000000 0.0000000000 0.0000000000 0.0000000000  
-1.0307271481 3.3093953995 -11.1227562573 -2.5447047462 -7.9742240497 17.6706647799 71.0074744536 -3.5373386935 9.3948347070 0.0000000000 -16.8800500181 4.6965785683 -0.0000000000 0.0000000000 0.0000000000 0.0000000000 0.0000000000 0.0000000000 0.0000000000 0.0000000000 0.0000000000 0.0000000000 0.0000000000 0.0000000000 0.0000000000 0.0000000000  
0.0000000000 0.0000000000 0.0000000000 0.0000000000 0.0000000000 0.0000000000 0.0000000000 0.0000000000 0.0000000000 3390.7684208490 0.0000000000 0.0000000000 0.0000000000 0.0000000000 0.0000000000 0.0000000000 0.0000000000 0.0000000000 0.0000000000 0.0000000000 0.0000000000 0.0000000000 0.0000000000 0.0000000000 0.0000000000 0.0000000000  
1.8623086310 -7.4366904492 98.9383517656 0.5050449997 10.8925866286 -19.2358875138 -133.3544359985 5.1915017502 -16.8800500181 0.0000000000 45.0918095110 0.6493744182 0.0000000000 0.0000000000 0.0000000000 0.0000000000 0.0000000000 0.0000000000 0.0000000000 0.0000000000 0.0000000000 0.0000000000 0.0000000000 0.0000000000 0.0000000000 0.0000000000  
0.1130033930 -1.1068601597 92.4856533220 -5.8819465075 -8.5227317607 29.0571281296 82.3425012236 -5.4595583202 4.6965785683 0.0000000000 0.6493744182 31.8806473777 0.0000000000 0.0000000000 0.0000000000 0.0000000000 0.0000000000 0.0000000000 0.0000000000 0.0000000000 0.0000000000 0.0000000000 0.0000000000 0.0000000000 0.0000000000 0.0000000000  
0.0000000000 -0.0000000000 0.0000000000 0.0000000000 0.0000000000 -0.0000000000 -0.0000000000 0.0000000000 -0.0000000000 0.0000000000 0.0000000000 0.0000000000 3390.7684208490 0.0000000000 0.0000000000 0.0000000000 0.0000000000 0.0000000000 0.0000000000 0.0000000000 0.0000000000 0.0000000000 0.0000000000 0.0000000000 0.0000000000 0.0000000000  
-27.7504642272 25.4273390957 229.1849360485 -28.5770952259 -40.2231990609 113.6432408950 241.4036596533 -19.7112345513 23.8984045852 0.0000000000 -7.9942130171 63.4669806378 -0.0000000000 0.0000000000 0.0000000000 0.0000000000 0.0000000000 0.0000000000 0.0000000000 0.0000000000 0.0000000000 0.0000000000 0.0000000000 0.0000000000 0.0000000000 0.0000000000  
34.0171225624 -78.9219649070 781.7330251171 13.6365605253 98.8447039477 -189.0206907890 -494.6549946620 10.9518419802 -84.7986470574 0.0000000000 224.4854684694 80.9004129849 0.0000000000 0.0000000000 0.0000000000 0.0000000000 0.0000000000 0.0000000000 0.0000000000 0.0000000000 0.0000000000 0.0000000000 0.0000000000 0.0000000000 0.0000000000 0.0000000000  
-49.1091177474 243.7303328407 -8370.2810242796 397.5322050432 222.5175280147 -1165.6079935873 -1040.6725141033 260.8793892100 135.5624095145 -0.0000000000 -1210.3246213681 -1141.2122324018 -0.0000000000 0.0000000000 0.0000000000 0.0000000000 0.0000000000 0.0000000000 0.0000000000 0.0000000000 0.0000000000 0.0000000000 0.0000000000 0.0000000000 0.0000000000 0.0000000000  
-11.4009961083 25.7755573491 510.2403540738 -73.0483262173 -102.6165000423 311.9379013252 181.3167108237 -21.6867169367 16.5519456906 0.0000000000 52.0331652853 33.7371880001 0.0000000000 0.0000000000 0.0000000000 0.0000000000 0.0000000000 0.0000000000 0.0000000000 0.0000000000 0.0000000000 0.0000000000 0.0000000000 0.0000000000 0.0000000000 0.0000000000  
-16.5604429776 69.2770374717 836.8933323840 -147.0913142078 -430.3105827818 885.2043717457 1516.7422457474 -97.9354433595 141.0562691079 0.0000000000 -139.2983586750 257.9578921011 -0.0000000000 0.0000000000 0.0000000000 0.0000000000 0.0000000000 0.0000000000 0.0000000000 0.0000000000 0.0000000000 0.0000000000 0.0000000000 0.0000000000 0.0000000000 0.0000000000  
53.2730911593 -209.9657268543 -1863.0128621103 383.2523826852 949.1712049940 -2708.4462417156 -4103.9347948855 251.5107886448 -370.2574626305 0.0000000000 417.7438018448 -586.5827429880 0.0000000000 0.0000000000 0.0000000000 0.0000000000 0.0000000000 0.0000000000 0.0000000000 0.0000000000 0.0000000000 0.0000000000 0.0000000000 0.0000000000 0.0000000000 0.0000000000  
144.6598968965 -507.4793144195 -2039.5441418321 711.7064591111 1887.9050253791 -4914.1701408165 -24439.1766682090 1014.2146410135 -1768.5317425382 0.0000000000 3323.8579692463 -2046.3091461192 0.0000000000 0.0000000000 0.0000000000 0.0000000000 0.0000000000 0.0000000000 0.0000000000 0.0000000000 0.0000000000 0.0000000000 0.0000000000 0.0000000000 0.0000000000 0.0000000000  
-4.4484494709 6.9109204819 826.0165817664 -70.4752373183 -112.8905981843 324.9994861532 930.4475226731 -85.3029180876 69.2174847301 0.0000000000 -54.5192310763 196.3000200353 -0.0000000000 0.0000000000 0.0000000000 0.0000000000 0.0000000000 0.0000000000 0.0000000000 0.0000000000 0.0000000000 0.0000000000 0.0000000000 0.0000000000 0.0000000000 0.0000000000  
21.6695730977 -71.0619504895 365.7399802755 44.8917919752 157.1174665764 -337.9274342869 -1419.1427994772 67.6611260880 -192.3286938613 0.0000000000 361.9793728698 -69.0421886798 0.0000000000 0.0000000000 0.0000000000 0.0000000000 0.0000000000 0.0000000000 0.0000000000 0.0000000000 0.0000000000 0.0000000000 0.0000000000 0.0000000000 0.0000000000 0.0000000000  
-0.0000000000 0.0000000000 -0.0000000000 -0.0000000000 -0.0000000000 0.0000000000 0.0000000000 -0.0000000000 0.0000000000 -82091.4318222997 -0.0000000000 0.0000000000 -0.0000000000 0.0000000000 0.0000000000 0.0000000000 0.0000000000 0.0000000000 0.0000000000 0.0000000000 0.0000000000 0.0000000000 0.0000000000 0.0000000000 0.0000000000 0.0000000000  
-19.3340059487 72.5733010733 -528.5306005438 -39.7687769057 -159.7261998949 343.7338100891 1782.9042965178 -85.5482908326 200.0473196539 0.0000000000 -464.1682228071 128.1396947138 -0.0000000000 0.0000000000 0.0000000000 0.0000000000 0.0000000000 0.0000000000 0.0000000000 0.0000000000 0.0000000000 0.0000000000 0.0000000000 0.0000000000 0.0000000000 0.0000000000  
-7.6836551021 39.8283060621 -1654.1304887838 83.3613973125 78.2173375535 -368.4450634423 -958.7147100613 67.7001423087 -27.8560058378 0.0000000000 -123.2230825358 -493.8028107775 -0.0000000000 0.0000000000 0.0000000000 0.0000000000 0.0000000000 0.0000000000 0.0000000000 0.0000000000 0.0000000000 0.0000000000 0.0000000000 0.0000000000 0.0000000000 0.0000000000  
-0.0000000000 0.0000000000 -0.0000000000 -0.0000000000 -0.0000000000 0.0000000000 0.0000000000 -0.0000000000 0.0000000000 0.0000000000 -0.0000000000 -0.0000000000 -84665.5583919852 0.0000000000 0.0000000000 0.0000000000 0.0000000000 0.0000000000 0.0000000000 0.0000000000 0.0000000000 0.0000000000 0.0000000000 0.0000000000 0.0000000000 0.0000000000  
