14.6279244009 -49.6136463786 -113.0986503174 100.6871857068 -94.6432831886 -52.6948973307 -25.8654181973 -19.4822746258 -38.3220529431 2.6117890280 -33.8299450460 -66.4599046443 44.6795875093 0.0000000000 0.0000000000 0.0000000000 0.0000000000 0.0000000000 0.0000000000 0.0000000000 0.0000000000 0.0000000000 0.0000000000 0.0000000000 0.0000000000 0.0000000000  
-49.6136463786 175.7815939449 321.8550995515 -282.1308668643 233.8491744177 203.7413859971 112.7222224640 39.0067624031 152.4905403246 -10.2640603000 141.1797683325 274.9463284650 -177.9262138402 0.0000000000 0.0000000000 0.0000000000 0.0000000000 0.0000000000 0.0000000000 0.0000000000 0.0000000000 0.0000000000 0.0000000000 0.0000000000 0.0000000000 0.0000000000  
-113.0986503174 321.8550995515 1382.7054472894 -1263.3235012432 1442.7334747499 208.4932599789 -2.4172728768 371.8657742611 107.2206918705 -9.4876160998 41.5459025194 98.5343547856 -119.4869912918 0.0000000000 0.0000000000 0.0000000000 0.0000000000 0.0000000000 0.0000000000 0.0000000000 0.0000000000 0.0000000000 0.0000000000 0.0000000000 0.0000000000 0.0000000000  
100.6871857068 -282.1308668643 -1263.3235012432 1281.5286625824 -1333.4711930339 -215.8359362422 -32.9543408524 -394.7417684269 -70.1915033238 14.7131506624 -44.1537589976 -46.3235730063 27.0962243989 0.0000000000 0.0000000000 0.0000000000 0.0000000000 0.0000000000 0.0000000000 0.0000000000 0.0000000000 0.0000000000 0.0000000000 0.0000000000 0.0000000000 0.0000000000  
-94.6432831886 233.8491744177 1442.7334747499 -1333.4711930339 1788.2519624674 -33.2863089565 -214.6296794884 297.1885870470 119.5121338788 27.5606530486 -140.2907322549 15.9093169851 -220.7611501531 0.0000000000 0.0000000000 0.0000000000 0.0000000000 0.0000000000 0.0000000000 0.0000000000 0.0000000000 0.0000000000 0.0000000000 0.0000000000 0.0000000000 0.0000000000  
-52.6948973307 203.7413859971 208.4932599789 -215.8359362422 -33.2863089565 651.0695736484 329.2557253339 -203.4639965089 213.9761021583 2.9581550368 32.6036454358 229.9327445884 -147.2653370337 0.0000000000 0.0000000000 0.0000000000 0.0000000000 0.0000000000 0.0000000000 0.0000000000 0.0000000000 0.0000000000 0.0000000000 0.0000000000 0.0000000000 0.0000000000  
-25.8654181973 112.7222224640 -2.4172728768 -32.9543408524 -214.6296794884 329.2557253339 1421.2233497694 -57.7130047129 346.7197714728 -82.5591952625 210.3562187490 422.0337433120 -1279.7955917389 0.0000000000 0.0000000000 0.0000000000 0.0000000000 0.0000000000 0.0000000000 0.0000000000 0.0000000000 0.0000000000 0.0000000000 0.0000000000 0.0000000000 0.0000000000  
-19.4822746258 39.0067624031 371.8657742611 -394.7417684269 297.1885870470 -203.4639965089 -57.7130047129 613.8293174626 -103.5599481650 54.3121263506 227.3915582536 11.2770739941 -192.9616568784 0.0000000000 0.0000000000 0.0000000000 0.0000000000 0.0000000000 0.0000000000 0.0000000000 0.0000000000 0.0000000000 0.0000000000 0.0000000000 0.0000000000 0.0000000000  
-38.3220529431 152.4905403246 107.2206918705 -70.1915033238 119.5121338788 213.9761021583 346.7197714728 -103.5599481650 650.7954125272 168.3770881626 249.6120511914 1009.7157375380 -1663.6942514253 0.0000000000 0.0000000000 0.0000000000 0.0000000000 0.0000000000 0.0000000000 0.0000000000 0.0000000000 0.0000000000 0.0000000000 0.0000000000 0.0000000000 0.0000000000  
2.6117890280 -10.2640603000 -9.4876160998 14.7131506624 27.5606530486 2.9581550368 -82.5591952625 54.3121263506 168.3770881626 341.7592551470 3.2603790477 213.1062409704 -518.7867788501 0.0000000000 0.0000000000 0.0000000000 0.0000000000 0.0000000000 0.0000000000 0.0000000000 0.0000000000 0.0000000000 0.0000000000 0.0000000000 0.0000000000 0.0000000000  
-33.8299450460 141.1797683325 41.5459025194 -44.1537589976 -140.2907322549 32.6036454358 210.3562187490 227.3915582536 249.6120511914 3.2603790477 567.6606440838 722.7672412469 -771.7648653514 0.0000000000 0.0000000000 0.0000000000 0.0000000000 0.0000000000 0.0000000000 0.0000000000 0.0000000000 0.0000000000 0.0000000000 0.0000000000 0.0000000000 0.0000000000  
-66.4599046443 274.9463284650 98.5343547856 -46.3235730063 15.9093169851 229.9327445884 422.0337433120 11.2770739941 1009.7157375380 213.1062409704 722.7672412469 3358.0679586885 -4135.5357509567 0.0000000000 0.0000000000 0.0000000000 0.0000000000 0.0000000000 0.0000000000 0.0000000000 0.0000000000 0.0000000000 0.0000000000 0.0000000000 0.0000000000 0.0000000000  
44.6795875093 -177.9262138402 -119.4869912918 27.0962243989 -220.7611501531 -147.2653370337 -1279.7955917389 -192.9616568784 -1663.6942514253 -518.7867788501 -771.7648653514 -4135.5357509567 7483.6438427563 0.0000000000 0.0000000000 0.0000000000 0.0000000000 0.0000000000 0.0000000000 0.0000000000 0.0000000000 0.0000000000 0.0000000000 0.0000000000 0.0000000000 0.0000000000  
952.1718372677 -2480.5234612822 -13475.8701542099 13376.6612827071 -14793.1827249934 -311.3114603574 -15.4306487487 -5712.8725244241 -1126.1277988183 -239.7515800352 -1614.5865941766 -2215.6234793125 4923.0329389311 0.0000000000 0.0000000000 0.0000000000 0.0000000000 0.0000000000 0.0000000000 0.0000000000 0.0000000000 0.0000000000 0.0000000000 0.0000000000 0.0000000000 0.0000000000  
1469.7360909777 -5276.2909088128 -8970.4182784739 7737.8765872301 -6131.7584152451 -6295.9763448828 -3466.4145325192 -782.0800835314 -4630.7110603185 340.6772606626 -4259.7722723224 -8330.5449870597 5063.2866662372 0.0000000000 0.0000000000 0.0000000000 0.0000000000 0.0000000000 0.0000000000 0.0000000000 0.0000000000 0.0000000000 0.0000000000 0.0000000000 0.0000000000 0.0000000000  
3279.0418343217 -9340.5663343132 -40012.4722470096 36499.9728554391 -41736.8199997222 -5918.0211454263 213.8776541761 -10867.1091544936 -3120.3665982563 241.1227948485 -1297.9525806915 -2933.2068222616 3494.5091035566 0.0000000000 0.0000000000 0.0000000000 0.0000000000 0.0000000000 0.0000000000 0.0000000000 0.0000000000 0.0000000000 0.0000000000 0.0000000000 0.0000000000 0.0000000000  
-3195.7566754481 9033.2012715479 39456.6446797614 -39787.1258848568 41432.7676707364 6891.5960367372 1377.8876315333 12328.5965115109 2705.3787435413 -369.2675210295 1836.0338229286 2575.2498884683 -2368.3594544503 0.0000000000 0.0000000000 0.0000000000 0.0000000000 0.0000000000 0.0000000000 0.0000000000 0.0000000000 0.0000000000 0.0000000000 0.0000000000 0.0000000000 0.0000000000  
2692.4368808830 -6748.2987175010 -40258.5392888687 37106.4652232901 -49790.8782373967 578.9870185930 5556.1657491651 -8031.6927149923 -3947.3049503757 -849.5985638775 3631.9915541018 -1665.4240629563 7721.5352454809 0.0000000000 0.0000000000 0.0000000000 0.0000000000 0.0000000000 0.0000000000 0.0000000000 0.0000000000 0.0000000000 0.0000000000 0.0000000000 0.0000000000 0.0000000000  
1438.6760417150 -5551.8624053982 -5774.4930698529 5917.1796684848 716.0467656411 -17394.4031124822 -8970.0021317490 5321.9936954816 -5894.9963765798 -95.4558433811 -1056.3848121018 -6552.2313693808 4493.7136794569 0.0000000000 0.0000000000 0.0000000000 0.0000000000 0.0000000000 0.0000000000 0.0000000000 0.0000000000 0.0000000000 0.0000000000 0.0000000000 0.0000000000 0.0000000000  
744.9348483728 -3254.2163943264 133.0707807412 881.8238079125 6257.5137173792 -9545.0212720595 -40918.2964044456 1745.8088471103 -10022.7523671075 2365.6658382664 -6033.7781043050 -12237.5861197926 36908.6836217728 0.0000000000 0.0000000000 0.0000000000 0.0000000000 0.0000000000 0.0000000000 0.0000000000 0.0000000000 0.0000000000 0.0000000000 0.0000000000 0.0000000000 0.0000000000  
518.9464246974 -1087.9336852027 -9502.8481683192 10125.1441421609 -7187.3014799338 5474.7617244392 1185.5253780629 -16767.4520306613 2484.1159791120 -1582.1722415884 -6625.8120994585 -1256.4228990944 6564.6968182720 0.0000000000 0.0000000000 0.0000000000 0.0000000000 0.0000000000 0.0000000000 0.0000000000 0.0000000000 0.0000000000 0.0000000000 0.0000000000 0.0000000000 0.0000000000  
1025.2470095352 -4078.2369970658 -2883.5415075305 1898.8977920659 -3119.0845509209 -5758.3562074399 -9240.1497504432 2739.2397270479 -17132.9272493834 -4399.1235705284 -6612.2819028233 -26628.4593938426 43717.5127564370 0.0000000000 0.0000000000 0.0000000000 0.0000000000 0.0000000000 0.0000000000 0.0000000000 0.0000000000 0.0000000000 0.0000000000 0.0000000000 0.0000000000 0.0000000000  
-54.7579894335 222.5611681093 140.9636005370 -270.2162168935 -745.6608200837 -85.3758734312 1967.6424876080 -1323.5951056211 -4034.1065877912 -8161.1966417093 -90.9110277410 -5113.2052944914 12416.9443216329 0.0000000000 0.0000000000 0.0000000000 0.0000000000 0.0000000000 0.0000000000 0.0000000000 0.0000000000 0.0000000000 0.0000000000 0.0000000000 0.0000000000 0.0000000000  
1028.8342288817 -4300.3111542552 -1214.5542695164 1213.9081420314 4222.3178246537 -1432.9997990029 -6541.0476560690 -6282.7511759645 -7691.2114232412 -145.1582685814 -16541.5683240921 -21775.2412328939 23374.9643208806 0.0000000000 0.0000000000 0.0000000000 0.0000000000 0.0000000000 0.0000000000 0.0000000000 0.0000000000 0.0000000000 0.0000000000 0.0000000000 0.0000000000 0.0000000000  
1766.3217629718 -7279.9387700254 -2848.3088451235 1463.4331761331 -645.0320612922 -6123.2907119007 -11163.3534870783 -370.3479979612 -26437.6390108140 -5563.0018763828 -18932.7455655145 -87669.2563664739 108027.6571216307 0.0000000000 0.0000000000 0.0000000000 0.0000000000 0.0000000000 0.0000000000 0.0000000000 0.0000000000 0.0000000000 0.0000000000 0.0000000000 0.0000000000 0.0000000000  
-1627.9418110530 6479.5188251253 4382.3463105692 -1029.4952129061 8049.0174634940 5358.3343479344 46482.9932275368 7025.5784714208 60412.3228353897 18829.0804600894 28048.5032569132 150184.9108499547 -271709.5910856267 0.0000000000 0.0000000000 0.0000000000 0.0000000000 0.0000000000 0.0000000000 0.0000000000 0.0000000000 0.0000000000 0.0000000000 0.0000000000 0.0000000000 0.0000000000  
0.1809026040 -0.1538838814 -0.1367470732 0.3149720240 -2.5645006727 0.7163713985 0.7885445602 -3.2892721963 1.2684860570 -2.9753145049 2.7841638206 2.4517311992 4.6233053209 0.0000000000 0.0000000000 0.0000000000 0.0000000000 0.0000000000 0.0000000000 0.0000000000 0.0000000000 0.0000000000 0.0000000000 0.0000000000 0.0000000000 0.0000000000  
-0.1538838814 0.5532299982 -1.9243116710 2.0479710905 -4.4471568290 1.1710820833 -3.5457130378 -0.9055373325 0.5407111748 -0.0277376768 1.3805937304 0.6441974077 -0.7244729148 0.0000000000 0.0000000000 0.0000000000 0.0000000000 0.0000000000 0.0000000000 0.0000000000 0.0000000000 0.0000000000 0.0000000000 0.0000000000 0.0000000000 0.0000000000  
-0.1367470732 -1.9243116710 16.4756136500 -17.5346494048 47.3046671120 -13.0362104850 5.8007821224 31.3200178211 -15.1746526017 8.1924490972 -32.5006365334 -23.0548969671 -19.8358003967 0.0000000000 0.0000000000 0.0000000000 0.0000000000 0.0000000000 0.0000000000 0.0000000000 0.0000000000 0.0000000000 0.0000000000 0.0000000000 0.0000000000 0.0000000000  
0.3149720240 2.0479710905 -17.5346494048 25.1990596685 -62.4518045395 17.2317071225 -1.9060431174 -42.4678335977 21.5621177651 -1.4725224660 45.4507728976 31.3931158429 22.5577195321 0.0000000000 0.0000000000 0.0000000000 0.0000000000 0.0000000000 0.0000000000 0.0000000000 0.0000000000 0.0000000000 0.0000000000 0.0000000000 0.0000000000 0.0000000000  
-2.5645006727 -4.4471568290 47.3046671120 -62.4518045395 182.2032258898 -47.0775758652 18.1178839081 134.0390540376 -62.6324837321 51.1452632159 -134.0205225101 -101.0328351983 -118.4682982664 0.0000000000 0.0000000000 0.0000000000 0.0000000000 0.0000000000 0.0000000000 0.0000000000 0.0000000000 0.0000000000 0.0000000000 0.0000000000 0.0000000000 0.0000000000  
0.7163713985 1.1710820833 -13.0362104850 17.2317071225 -47.0775758652 25.2584772517 22.9743474689 -48.5403797577 21.4719104702 -28.7011326017 49.8408791552 30.4370801920 14.7236170588 0.0000000000 0.0000000000 0.0000000000 0.0000000000 0.0000000000 0.0000000000 0.0000000000 0.0000000000 0.0000000000 0.0000000000 0.0000000000 0.0000000000 0.0000000000  
0.7885445602 -3.5457130378 5.8007821224 -1.9060431174 18.1178839081 22.9743474689 96.9141333302 -28.1139457237 12.2658158244 -0.8004854697 31.4026770676 6.7240892027 -47.3968480051 0.0000000000 0.0000000000 0.0000000000 0.0000000000 0.0000000000 0.0000000000 0.0000000000 0.0000000000 0.0000000000 0.0000000000 0.0000000000 0.0000000000 0.0000000000  
-3.2892721963 -0.9055373325 31.3200178211 -42.4678335977 134.0390540376 -48.5403797577 -28.1139457237 148.8606120429 -55.4099669710 57.9558737726 -127.0163446998 -93.1189574166 -78.5270220125 0.0000000000 0.0000000000 0.0000000000 0.0000000000 0.0000000000 0.0000000000 0.0000000000 0.0000000000 0.0000000000 0.0000000000 0.0000000000 0.0000000000 0.0000000000  
1.2684860570 0.5407111748 -15.1746526017 21.5621177651 -62.6324837321 21.4719104702 12.2658158244 -55.4099669710 31.2656622738 -32.5824257206 63.9390109615 46.6640286307 41.5288467845 0.0000000000 0.0000000000 0.0000000000 0.0000000000 0.0000000000 0.0000000000 0.0000000000 0.0000000000 0.0000000000 0.0000000000 0.0000000000 0.0000000000 0.0000000000  
-2.9753145049 -0.0277376768 8.1924490972 -1.4725224660 51.1452632159 -28.7011326017 -0.8004854697 57.9558737726 -32.5824257206 1337.8644743164 -62.7610031875 -63.9979158818 -102.4029400303 0.0000000000 0.0000000000 0.0000000000 0.0000000000 0.0000000000 0.0000000000 0.0000000000 0.0000000000 0.0000000000 0.0000000000 0.0000000000 0.0000000000 0.0000000000  
2.7841638206 1.3805937304 -32.5006365334 45.4507728976 -134.0205225101 49.8408791552 31.4026770676 -127.0163446998 63.9390109615 -62.7610031875 158.6229367760 101.2648761304 84.8060845317 0.0000000000 0.0000000000 0.0000000000 0.0000000000 0.0000000000 0.0000000000 0.0000000000 0.0000000000 0.0000000000 0.0000000000 0.0000000000 0.0000000000 0.0000000000  
2.4517311992 0.6441974077 -23.0548969671 31.3931158429 -101.0328351983 30.4370801920 6.7240892027 -93.1189574166 46.6640286307 -63.9979158818 101.2648761304 80.3159836715 82.4073858423 0.0000000000 0.0000000000 0.0000000000 0.0000000000 0.0000000000 0.0000000000 0.0000000000 0.0000000000 0.0000000000 0.0000000000 0.0000000000 0.0000000000 0.0000000000  
4.6233053209 -0.7244729148 -19.8358003967 22.5577195321 -118.4682982664 14.7236170588 -47.3968480051 -78.5270220125 41.5288467845 -102.4029400303 84.8060845317 82.4073858423 235.6756241814 0.0000000000 0.0000000000 0.0000000000 0.0000000000 0.0000000000 0.0000000000 0.0000000000 0.0000000000 0.0000000000 0.0000000000 0.0000000000 0.0000000000 0.0000000000  
-6.5109873890 13.4624780234 85.8458359896 -161.9130510998 271.7719086539 -367.4001004604 -865.6407278333 428.0884159681 -458.9784052073 48.2450215392 -1168.4008488916 -582.3371184058 162.6815675710 0.0000000000 0.0000000000 0.0000000000 0.0000000000 0.0000000000 0.0000000000 0.0000000000 0.0000000000 0.0000000000 0.0000000000 0.0000000000 0.0000000000 0.0000000000  
5.2760020720 -21.3932513333 66.9603342145 -66.0473799326 164.7395649762 -10.5428314762 222.2022390645 15.0508294439 16.4228706032 9.7502209003 46.6031523037 15.9990764718 -24.7674358839 0.0000000000 0.0000000000 0.0000000000 0.0000000000 0.0000000000 0.0000000000 0.0000000000 0.0000000000 0.0000000000 0.0000000000 0.0000000000 0.0000000000 0.0000000000  
3.8110746076 57.1331054459 -513.6956556704 556.4188034076 -1458.5648460381 456.1956970976 -24.3651574470 -1001.1061804939 531.7950681839 -220.5366224192 1170.7315312016 782.9089255984 531.9963899081 0.0000000000 0.0000000000 0.0000000000 0.0000000000 0.0000000000 0.0000000000 0.0000000000 0.0000000000 0.0000000000 0.0000000000 0.0000000000 0.0000000000 0.0000000000  
-10.4260810007 -63.3106102221 569.0857752358 -826.8889627086 2019.7179489282 -601.8774104235 -74.1188119998 1412.5182109925 -749.2584850838 2.9294178745 -1604.3490334816 -1074.0596686954 -667.7967105692 0.0000000000 0.0000000000 0.0000000000 0.0000000000 0.0000000000 0.0000000000 0.0000000000 0.0000000000 0.0000000000 0.0000000000 0.0000000000 0.0000000000 0.0000000000  
81.1258379839 138.1514756556 -1474.1306791506 1943.1660514404 -5692.2487247658 1459.0745129431 -596.3302465132 -4192.0036217556 1946.4720536719 -1640.2735943025 4158.9048498900 3150.4861423159 3733.6527850762 0.0000000000 0.0000000000 0.0000000000 0.0000000000 0.0000000000 0.0000000000 0.0000000000 0.0000000000 0.0000000000 0.0000000000 0.0000000000 0.0000000000 0.0000000000  
-23.6572383808 -36.6619077085 427.7975819756 -571.0120949874 1535.4082778544 -882.1655280900 -892.9436535467 1632.5072447197 -748.0246229285 1063.3574287548 -1753.4300968403 -1045.1389246102 -416.8193111927 0.0000000000 0.0000000000 0.0000000000 0.0000000000 0.0000000000 0.0000000000 0.0000000000 0.0000000000 0.0000000000 0.0000000000 0.0000000000 0.0000000000 0.0000000000  
-28.9625627648 131.4564221491 -217.2924328974 72.5252569645 -679.9957305507 -851.1764097597 -3595.2979720443 1033.4072786665 -456.1047423589 54.3286824038 -1169.1162247840 -250.1648870344 1763.4167211915 0.0000000000 0.0000000000 0.0000000000 0.0000000000 0.0000000000 0.0000000000 0.0000000000 0.0000000000 0.0000000000 0.0000000000 0.0000000000 0.0000000000 0.0000000000  
100.7222623161 28.7161581537 -955.7265997492 1291.4712530968 -4099.3072205661 1457.1674988209 784.4059996661 -4521.4571376086 1669.2445950802 -1779.8085884595 3814.3325416027 2818.9501058880 2447.7887373797 0.0000000000 0.0000000000 0.0000000000 0.0000000000 0.0000000000 0.0000000000 0.0000000000 0.0000000000 0.0000000000 0.0000000000 0.0000000000 0.0000000000 0.0000000000  
-37.2925779041 -14.7163429553 456.1356157927 -655.3394431318 1866.6320470023 -676.5636751729 -472.3285186374 1670.7094481072 -976.5207188219 999.2122680130 -2015.2764451604 -1437.9599595443 -1179.1488294397 0.0000000000 0.0000000000 0.0000000000 0.0000000000 0.0000000000 0.0000000000 0.0000000000 0.0000000000 0.0000000000 0.0000000000 0.0000000000 0.0000000000 0.0000000000  
78.6723043228 1.2243142697 -220.7441962005 43.5860094527 -1363.2522014787 766.2580192762 28.7367055483 -1541.8504944574 868.7832713400 -35471.8424348736 1677.1559482967 1701.9330126458 2706.0696159904 0.0000000000 0.0000000000 0.0000000000 0.0000000000 0.0000000000 0.0000000000 0.0000000000 0.0000000000 0.0000000000 0.0000000000 0.0000000000 0.0000000000 0.0000000000  
-80.0424655070 -38.5707908958 941.2321055210 -1323.4172915043 3869.7184305714 -1475.0771651664 -1007.8048587658 3693.4044888994 -1886.3429717867 1794.6308499168 -4698.5031988441 -2969.7022415156 -2395.2539970973 0.0000000000 0.0000000000 0.0000000000 0.0000000000 0.0000000000 0.0000000000 0.0000000000 0.0000000000 0.0000000000 0.0000000000 0.0000000000 0.0000000000 0.0000000000  
-64.2168319016 -14.7926602143 600.4323004688 -822.8346503967 2630.8886353386 -818.8865099058 -251.3650243018 2444.5051278128 -1253.8880415233 1748.1694022357 -2736.7725421357 -2143.2242738125 -2129.3426704779 0.0000000000 0.0000000000 0.0000000000 0.0000000000 0.0000000000 0.0000000000 0.0000000000 0.0000000000 0.0000000000 0.0000000000 0.0000000000 0.0000000000 0.0000000000  
-103.4672580796 15.6648459984 442.2835325988 -500.9406632353 2649.0084556630 -318.0866908438 1092.7575955407 1750.8087098927 -913.9796869337 2296.7626379443 -1858.0156268313 -1825.9802545027 -5284.1995301317 0.0000000000 0.0000000000 0.0000000000 0.0000000000 0.0000000000 0.0000000000 0.0000000000 0.0000000000 0.0000000000 0.0000000000 0.0000000000 0.0000000000 0.0000000000  
18.0751797622 -33.0336680759 -9.5518506971 6.5656299513 5.2401324002 -4.3254858079 2.8431263096 2.7598606103 14.9247945494 -6.3694775931 1.6483255753 -2.1484184536 -1.3346409583 0.0000000000 0.0000000000 0.0000000000 0.0000000000 0.0000000000 0.0000000000 0.0000000000 0.0000000000 0.0000000000 0.0000000000 0.0000000000 0.0000000000 0.0000000000  
-33.0336680759 132.8363697727 86.1819765333 -67.8077858887 1.7305948769 26.5689938989 23.4434608012 -1.9559704030 -14.3222582935 33.3267005489 -4.0217637208 9.5564819689 -3.9372424560 0.0000000000 0.0000000000 0.0000000000 0.0000000000 0.0000000000 0.0000000000 0.0000000000 0.0000000000 0.0000000000 0.0000000000 0.0000000000 0.0000000000 0.0000000000  
-9.5518506971 86.1819765333 70.7400510166 -58.1559184602 12.4278532958 21.3650977595 27.3034082682 0.2982984916 5.9111499413 26.8227300944 -2.2733884636 6.6899701203 -4.4063899095 0.0000000000 0.0000000000 0.0000000000 0.0000000000 0.0000000000 0.0000000000 0.0000000000 0.0000000000 0.0000000000 0.0000000000 0.0000000000 0.0000000000 0.0000000000  
6.5656299513 -67.8077858887 -58.1559184602 55.9422667104 -11.9346599605 -17.3572723583 -22.5081864767 -1.1281399732 -7.7866526598 -18.0385085081 1.9640928959 -4.2942240215 5.2633812050 0.0000000000 0.0000000000 0.0000000000 0.0000000000 0.0000000000 0.0000000000 0.0000000000 0.0000000000 0.0000000000 0.0000000000 0.0000000000 0.0000000000 0.0000000000  
5.2401324002 1.7305948769 12.4278532958 -11.9346599605 476.6572686979 128.3644901384 -23.1768278067 -24.6952500557 -41.2997351530 -1.4190999804 -42.4910937308 -23.8262419294 12.2770828363 0.0000000000 0.0000000000 0.0000000000 0.0000000000 0.0000000000 0.0000000000 0.0000000000 0.0000000000 0.0000000000 0.0000000000 0.0000000000 0.0000000000 0.0000000000  
-4.3254858079 26.5689938989 21.3650977595 -17.3572723583 128.3644901384 104.7773158024 33.4414320338 -23.7933148731 16.9031110268 23.3723695691 -34.7349874289 -12.6477591693 7.1575162016 0.0000000000 0.0000000000 0.0000000000 0.0000000000 0.0000000000 0.0000000000 0.0000000000 0.0000000000 0.0000000000 0.0000000000 0.0000000000 0.0000000000 0.0000000000  
2.8431263096 23.4434608012 27.3034082682 -22.5081864767 -23.1768278067 33.4414320338 81.8184718673 -64.3098134005 15.7420570855 9.6603470440 -35.3414393153 -23.0528916999 21.2704831820 0.0000000000 0.0000000000 0.0000000000 0.0000000000 0.0000000000 0.0000000000 0.0000000000 0.0000000000 0.0000000000 0.0000000000 0.0000000000 0.0000000000 0.0000000000  
2.7598606103 -1.9559704030 0.2982984916 -1.1281399732 -24.6952500557 -23.7933148731 -64.3098134005 377.3763666713 -15.9518651906 -20.1307749507 45.4777452529 -15.5298313361 -35.2337576836 0.0000000000 0.0000000000 0.0000000000 0.0000000000 0.0000000000 0.0000000000 0.0000000000 0.0000000000 0.0000000000 0.0000000000 0.0000000000 0.0000000000 0.0000000000  
14.9247945494 -14.3222582935 5.9111499413 -7.7866526598 -41.2997351530 16.9031110268 15.7420570855 -15.9518651906 61.8513455223 36.5889760955 3.4354456171 11.2912132668 0.8674809096 0.0000000000 0.0000000000 0.0000000000 0.0000000000 0.0000000000 0.0000000000 0.0000000000 0.0000000000 0.0000000000 0.0000000000 0.0000000000 0.0000000000 0.0000000000  
-6.3694775931 33.3267005489 26.8227300944 -18.0385085081 -1.4190999804 23.3723695691 9.6603470440 -20.1307749507 36.5889760955 439.0831449872 169.1718959378 283.1630903424 -76.6283743201 0.0000000000 0.0000000000 0.0000000000 0.0000000000 0.0000000000 0.0000000000 0.0000000000 0.0000000000 0.0000000000 0.0000000000 0.0000000000 0.0000000000 0.0000000000  
1.6483255753 -4.0217637208 -2.2733884636 1.9640928959 -42.4910937308 -34.7349874289 -35.3414393153 45.4777452529 3.4354456171 169.1718959378 99.6394181756 139.3744293935 -51.2249001111 0.0000000000 0.0000000000 0.0000000000 0.0000000000 0.0000000000 0.0000000000 0.0000000000 0.0000000000 0.0000000000 0.0000000000 0.0000000000 0.0000000000 0.0000000000  
-2.1484184536 9.5564819689 6.6899701203 -4.2942240215 -23.8262419294 -12.6477591693 -23.0528916999 -15.5298313361 11.2912132668 283.1630903424 139.3744293935 369.8782995113 -129.0940338064 0.0000000000 0.0000000000 0.0000000000 0.0000000000 0.0000000000 0.0000000000 0.0000000000 0.0000000000 0.0000000000 0.0000000000 0.0000000000 0.0000000000 0.0000000000  
-1.3346409583 -3.9372424560 -4.4063899095 5.2633812050 12.2770828363 7.1575162016 21.2704831820 -35.2337576836 0.8674809096 -76.6283743201 -51.2249001111 -129.0940338064 57.1973021854 0.0000000000 0.0000000000 0.0000000000 0.0000000000 0.0000000000 0.0000000000 0.0000000000 0.0000000000 0.0000000000 0.0000000000 0.0000000000 0.0000000000 0.0000000000  
-1093.6682560071 3692.4243867507 2176.6281804231 -1808.0195772874 -3841.4939248960 -456.9789829413 1499.6342382353 -2995.4300639455 -308.1897977334 -1435.4960464333 -1229.0505983556 -1840.1877410103 926.7125000013 0.0000000000 0.0000000000 0.0000000000 0.0000000000 0.0000000000 0.0000000000 0.0000000000 0.0000000000 0.0000000000 0.0000000000 0.0000000000 0.0000000000 0.0000000000  
1352.0898844602 -5587.9085382085 -3669.1458638928 2906.1901449382 470.0173773032 -928.4780956415 -1112.0110806537 394.2631553230 518.2148568231 -1291.3338619348 198.5353533929 -284.9735700184 102.8448118250 0.0000000000 0.0000000000 0.0000000000 0.0000000000 0.0000000000 0.0000000000 0.0000000000 0.0000000000 0.0000000000 0.0000000000 0.0000000000 0.0000000000 0.0000000000  
260.0087849919 -3311.3909558835 -2836.9901937154 2377.7763932623 1211.8907868139 -237.3569948561 -1375.1817075024 747.9653861262 -450.7820093187 -575.4574732037 183.6455605512 92.0926937072 18.7561188124 0.0000000000 0.0000000000 0.0000000000 0.0000000000 0.0000000000 0.0000000000 0.0000000000 0.0000000000 0.0000000000 0.0000000000 0.0000000000 0.0000000000 0.0000000000  
-126.8772819132 2438.0637825147 2212.1619078278 -2122.7322565521 -661.0839888952 233.0374303991 1030.7719516557 -370.9715883864 457.0750887871 374.9805368471 -107.3523345668 -57.2298597261 -109.7817933667 0.0000000000 0.0000000000 0.0000000000 0.0000000000 0.0000000000 0.0000000000 0.0000000000 0.0000000000 0.0000000000 0.0000000000 0.0000000000 0.0000000000 0.0000000000  
-85.2583915334 -76.5407479731 -329.1017070860 307.8318332101 -16507.9002452855 -4502.5484958116 880.4076611906 743.4253377374 1510.1284277925 -63.3632423846 1442.8995188007 736.1814480263 -411.0824140395 0.0000000000 0.0000000000 0.0000000000 0.0000000000 0.0000000000 0.0000000000 0.0000000000 0.0000000000 0.0000000000 0.0000000000 0.0000000000 0.0000000000 0.0000000000  
152.5318377475 -754.6128525858 -581.5335039378 459.4401680870 -4933.8540473528 -3784.5849697341 -1039.3272930206 614.8445118086 -520.7211450171 -814.4973868461 1216.5610056413 414.8177701569 -231.8644733617 0.0000000000 0.0000000000 0.0000000000 0.0000000000 0.0000000000 0.0000000000 0.0000000000 0.0000000000 0.0000000000 0.0000000000 0.0000000000 0.0000000000 0.0000000000  
-20.9389767990 -816.8978868413 -844.1711862254 696.2580975616 684.3629213256 -885.9977637646 -2189.4374415936 1821.4959013946 -409.1487034745 -365.4738120026 911.2598136057 573.1068527150 -562.8307747128 0.0000000000 0.0000000000 0.0000000000 0.0000000000 0.0000000000 0.0000000000 0.0000000000 0.0000000000 0.0000000000 0.0000000000 0.0000000000 0.0000000000 0.0000000000  
-67.2921866686 223.4559781441 168.2145327574 -125.6672726924 261.1969559579 629.1532810345 2371.1833442313 -13262.3249489144 641.0773092052 583.6823530731 -1589.8514606068 435.6062383537 1250.5757095938 0.0000000000 0.0000000000 0.0000000000 0.0000000000 0.0000000000 0.0000000000 0.0000000000 0.0000000000 0.0000000000 0.0000000000 0.0000000000 0.0000000000 0.0000000000  
-463.8245502377 502.2342156263 -136.1156728781 197.6445763581 1046.9185979243 -695.7119200838 -481.6000510246 475.3556094837 -2011.2582091961 -1364.0726306208 -129.7156059878 -449.8410172496 -19.7834740490 0.0000000000 0.0000000000 0.0000000000 0.0000000000 0.0000000000 0.0000000000 0.0000000000 0.0000000000 0.0000000000 0.0000000000 0.0000000000 0.0000000000 0.0000000000  
181.6922361234 -900.2520770833 -698.6860228282 487.6700083933 127.0304484022 -530.4965954731 -310.2298437490 656.9806292378 -797.2143788989 -9475.7865837742 -3589.2363933072 -6018.9848370094 1593.4541439202 0.0000000000 0.0000000000 0.0000000000 0.0000000000 0.0000000000 0.0000000000 0.0000000000 0.0000000000 0.0000000000 0.0000000000 0.0000000000 0.0000000000 0.0000000000  
-27.3218834922 248.2032551746 216.7015163330 -200.9475148301 1006.2842929954 1180.0047692820 1572.8802705918 -2044.1602623334 -26.0287647762 -6965.0387998068 -4040.0838115470 -5748.7542225943 2110.1068047805 0.0000000000 0.0000000000 0.0000000000 0.0000000000 0.0000000000 0.0000000000 0.0000000000 0.0000000000 0.0000000000 0.0000000000 0.0000000000 0.0000000000 0.0000000000  
89.3110089628 -274.6448513439 -161.7300145958 84.0296919010 583.2787332889 347.5473917700 805.5113026075 472.5836232395 -339.1214247066 -9493.0400929972 -4644.5766131084 -12339.0407490201 4295.4767046246 0.0000000000 0.0000000000 0.0000000000 0.0000000000 0.0000000000 0.0000000000 0.0000000000 0.0000000000 0.0000000000 0.0000000000 0.0000000000 0.0000000000 0.0000000000  
34.0496971816 49.6010878769 71.9866471717 -89.4476432289 -69.6485110697 -110.1124034130 -510.4699418196 881.9536539334 -11.1053646679 2008.8481581089 1254.2471839584 3005.8951589519 -1298.9706178490 0.0000000000 0.0000000000 0.0000000000 0.0000000000 0.0000000000 0.0000000000 0.0000000000 0.0000000000 0.0000000000 0.0000000000 0.0000000000 0.0000000000 0.0000000000  
20.7535411046 -9.8062572197 -28.0801762124 7.5642639282 0.9410082484 17.6555707547 8.4120053704 26.2314258768 -2.2835120942 -17.8599087770 -6.7045747990 -0.9742569260 -40.0207109389 0.0000000000 0.0000000000 0.0000000000 0.0000000000 0.0000000000 0.0000000000 0.0000000000 0.0000000000 0.0000000000 0.0000000000 0.0000000000 0.0000000000 0.0000000000  
-9.8062572197 61.7445709487 38.6657894427 -24.6894228042 8.7734479230 -3.5896369692 4.8046242031 -3.3986750171 -13.5712771655 26.2642211899 -31.0277387664 24.5788542504 88.8228460104 0.0000000000 0.0000000000 0.0000000000 0.0000000000 0.0000000000 0.0000000000 0.0000000000 0.0000000000 0.0000000000 0.0000000000 0.0000000000 0.0000000000 0.0000000000  
-28.0801762124 38.6657894427 53.9403316704 -29.2464802016 5.9692485108 -21.5027463431 -5.3297677187 -40.0212785061 4.5897291456 36.3935593417 -4.1377749973 19.6009271641 104.2415525599 0.0000000000 0.0000000000 0.0000000000 0.0000000000 0.0000000000 0.0000000000 0.0000000000 0.0000000000 0.0000000000 0.0000000000 0.0000000000 0.0000000000 0.0000000000  
7.5642639282 -24.6894228042 -29.2464802016 31.9939294229 -11.2000069328 1.5239687122 -6.8217685722 23.8438695821 -14.9414034576 -23.5276162289 5.6172360501 -28.3411080588 -89.5280970612 0.0000000000 0.0000000000 0.0000000000 0.0000000000 0.0000000000 0.0000000000 0.0000000000 0.0000000000 0.0000000000 0.0000000000 0.0000000000 0.0000000000 0.0000000000  
0.9410082484 8.7734479230 5.9692485108 -11.2000069328 9.3599769917 -0.3717338366 -0.9633225417 2.0400242981 8.6786177849 9.8216326224 -6.1921541323 12.9316524844 15.5636456047 0.0000000000 0.0000000000 0.0000000000 0.0000000000 0.0000000000 0.0000000000 0.0000000000 0.0000000000 0.0000000000 0.0000000000 0.0000000000 0.0000000000 0.0000000000  
17.6555707547 -3.5896369692 -21.5027463431 1.5239687122 -0.3717338366 132.1527313503 120.8424426632 17.3381422057 2.1598536021 -45.4659973287 -5.9666607953 61.2614202657 -41.4907941561 0.0000000000 0.0000000000 0.0000000000 0.0000000000 0.0000000000 0.0000000000 0.0000000000 0.0000000000 0.0000000000 0.0000000000 0.0000000000 0.0000000000 0.0000000000  
8.4120053704 4.8046242031 -5.3297677187 -6.8217685722 -0.9633225417 120.8424426632 318.6202597291 90.8503290510 -79.0540111897 -17.8007557662 14.4454741204 50.0028873636 31.4449599987 0.0000000000 0.0000000000 0.0000000000 0.0000000000 0.0000000000 0.0000000000 0.0000000000 0.0000000000 0.0000000000 0.0000000000 0.0000000000 0.0000000000 0.0000000000  
26.2314258768 -3.3986750171 -40.0212785061 23.8438695821 2.0400242981 17.3381422057 90.8503290510 158.7840317105 -50.8561048528 17.4770953233 12.7003344263 17.9259282843 -105.6073059531 0.0000000000 0.0000000000 0.0000000000 0.0000000000 0.0000000000 0.0000000000 0.0000000000 0.0000000000 0.0000000000 0.0000000000 0.0000000000 0.0000000000 0.0000000000  
-2.2835120942 -13.5712771655 4.5897291456 -14.9414034576 8.6786177849 2.1598536021 -79.0540111897 -50.8561048528 119.4729559027 14.1542874863 13.2616162985 54.6605004613 -14.9536733845 0.0000000000 0.0000000000 0.0000000000 0.0000000000 0.0000000000 0.0000000000 0.0000000000 0.0000000000 0.0000000000 0.0000000000 0.0000000000 0.0000000000 0.0000000000  
-17.8599087770 26.2642211899 36.3935593417 -23.5276162289 9.8216326224 -45.4659973287 -17.8007557662 17.4770953233 14.1542874863 624.0934190351 19.3670468454 67.1702674741 67.8555395545 0.0000000000 0.0000000000 0.0000000000 0.0000000000 0.0000000000 0.0000000000 0.0000000000 0.0000000000 0.0000000000 0.0000000000 0.0000000000 0.0000000000 0.0000000000  
-6.7045747990 -31.0277387664 -4.1377749973 5.6172360501 -6.1921541323 -5.9666607953 14.4454741204 12.7003344263 13.2616162985 19.3670468454 216.8453999529 8.3907861052 -150.2021205595 0.0000000000 0.0000000000 0.0000000000 0.0000000000 0.0000000000 0.0000000000 0.0000000000 0.0000000000 0.0000000000 0.0000000000 0.0000000000 0.0000000000 0.0000000000  
-0.9742569260 24.5788542504 19.6009271641 -28.3411080588 12.9316524844 61.2614202657 50.0028873636 17.9259282843 54.6605004613 67.1702674741 8.3907861052 108.7971808079 19.6592393049 0.0000000000 0.0000000000 0.0000000000 0.0000000000 0.0000000000 0.0000000000 0.0000000000 0.0000000000 0.0000000000 0.0000000000 0.0000000000 0.0000000000 0.0000000000  
-40.0207109389 88.8228460104 104.2415525599 -89.5280970612 15.5636456047 -41.4907941561 31.4449599987 -105.6073059531 -14.9536733845 67.8555395545 -150.2021205595 19.6592393049 1670.2704302801 0.0000000000 0.0000000000 0.0000000000 0.0000000000 0.0000000000 0.0000000000 0.0000000000 0.0000000000 0.0000000000 0.0000000000 0.0000000000 0.0000000000 0.0000000000  
103.9045796306 120.6048082956 -149.7782763176 186.6232602955 -6.9546864410 64.8217951482 -100.3401561729 372.9827970095 -247.4276467396 -457.6055758149 -703.7029601648 -107.7486800936 -3574.5765013580 0.0000000000 0.0000000000 0.0000000000 0.0000000000 0.0000000000 0.0000000000 0.0000000000 0.0000000000 0.0000000000 0.0000000000 0.0000000000 0.0000000000 0.0000000000  
-5.1630241476 -875.5396045310 -363.4449562475 276.4076534936 -138.5144237121 -121.8305708509 -203.5600517059 -273.0282660089 272.9214507810 -242.3918994961 558.2487499966 -401.1216374868 19.9677772082 0.0000000000 0.0000000000 0.0000000000 0.0000000000 0.0000000000 0.0000000000 0.0000000000 0.0000000000 0.0000000000 0.0000000000 0.0000000000 0.0000000000 0.0000000000  
-67.6319354117 91.6277234644 187.7172039457 -215.4867596529 43.6978011583 -136.5350084792 -189.9340864091 -404.0208945176 197.6187251337 459.6376029559 166.3474329140 75.3930200417 2793.8398676006 0.0000000000 0.0000000000 0.0000000000 0.0000000000 0.0000000000 0.0000000000 0.0000000000 0.0000000000 0.0000000000 0.0000000000 0.0000000000 0.0000000000 0.0000000000  
2.4563254040 -72.7444967888 -33.3494663041 31.1602890705 -7.0477489766 -103.3015522809 -132.8669425822 -48.5179155199 50.7668911363 -334.7991429933 183.1146422838 -108.7494334312 -1017.1463984638 0.0000000000 0.0000000000 0.0000000000 0.0000000000 0.0000000000 0.0000000000 0.0000000000 0.0000000000 0.0000000000 0.0000000000 0.0000000000 0.0000000000 0.0000000000  
113.2245678847 -80.4842736134 -216.0178738775 171.4068431384 -25.8945095296 103.7285408299 105.6739403279 420.1095353648 -137.8979926812 -238.6860064848 -169.8618988078 -38.7461643178 -1772.1584415346 0.0000000000 0.0000000000 0.0000000000 0.0000000000 0.0000000000 0.0000000000 0.0000000000 0.0000000000 0.0000000000 0.0000000000 0.0000000000 0.0000000000 0.0000000000  
80.5052007141 150.8821460398 -82.9813235154 102.0101607311 19.4879917144 72.6456655354 -117.8926636739 291.7855404053 -53.8665006714 -344.7713725823 -482.8137877925 46.6241520674 -2654.4269589546 0.0000000000 0.0000000000 0.0000000000 0.0000000000 0.0000000000 0.0000000000 0.0000000000 0.0000000000 0.0000000000 0.0000000000 0.0000000000 0.0000000000 0.0000000000  
53.1186130969 -17.2020764928 -85.6676355131 56.8214477986 2.4365148645 -7.5653413442 -186.3340098617 82.2204964353 26.7955815231 -230.3898462262 -225.4867118190 -33.9807623482 -492.8964148620 0.0000000000 0.0000000000 0.0000000000 0.0000000000 0.0000000000 0.0000000000 0.0000000000 0.0000000000 0.0000000000 0.0000000000 0.0000000000 0.0000000000 0.0000000000  
34.5203313785 -106.7621141892 -96.4456109558 76.8881519721 -9.0601010872 2.6227832196 -310.8956343710 -118.6331655255 160.0520650025 -391.8571492128 -108.6158003635 -63.3970741782 -1730.5709471554 0.0000000000 0.0000000000 0.0000000000 0.0000000000 0.0000000000 0.0000000000 0.0000000000 0.0000000000 0.0000000000 0.0000000000 0.0000000000 0.0000000000 0.0000000000  
90.7996542046 160.6244260647 -80.4985504836 74.9967561885 14.2643411033 164.8456064879 126.4800423638 324.5209903270 -221.5468518655 -222.7388022061 -346.5952877520 37.0118073706 -2012.6148647835 0.0000000000 0.0000000000 0.0000000000 0.0000000000 0.0000000000 0.0000000000 0.0000000000 0.0000000000 0.0000000000 0.0000000000 0.0000000000 0.0000000000 0.0000000000  
132.4054602792 -68.5751190067 -239.5060838474 182.1459359299 -58.4701084544 335.3298815946 609.6368879194 455.9655013200 -379.2923170743 -2366.7531373523 -37.8013906958 -216.9064530278 -784.7564662802 0.0000000000 0.0000000000 0.0000000000 0.0000000000 0.0000000000 0.0000000000 0.0000000000 0.0000000000 0.0000000000 0.0000000000 0.0000000000 0.0000000000 0.0000000000  
288.8770418046 542.8704193088 -229.5895609876 178.2216010444 67.3032626977 757.9964328724 877.1102540049 1251.0147418085 -636.1936347538 -445.3129227316 -1477.3609911226 419.0565755568 -4123.3446697467 0.0000000000 0.0000000000 0.0000000000 0.0000000000 0.0000000000 0.0000000000 0.0000000000 0.0000000000 0.0000000000 0.0000000000 0.0000000000 0.0000000000 0.0000000000  
10.8864293486 -111.3047561232 -69.7667517625 72.4573483873 -18.7840400636 -134.2121501298 -354.8738907366 -172.9802811250 85.0056913388 -227.4422359821 110.1726257036 -191.2411638062 -1574.2485952933 0.0000000000 0.0000000000 0.0000000000 0.0000000000 0.0000000000 0.0000000000 0.0000000000 0.0000000000 0.0000000000 0.0000000000 0.0000000000 0.0000000000 0.0000000000  
328.8353138301 246.0667774393 -421.3856574358 349.1943871703 34.3905954733 559.3486914980 418.4434228543 1318.0750203423 -388.2151941840 464.3139267193 -84.6640133449 366.2455882716 -9320.0858027884 0.0000000000 0.0000000000 0.0000000000 0.0000000000 0.0000000000 0.0000000000 0.0000000000 0.0000000000 0.0000000000 0.0000000000 0.0000000000 0.0000000000 0.0000000000  
