2648168.8923061467 -396549.7775398285 2071056.8606174232 -87063.7404477598 1306879.1129698171 -393883.2717574434 571525.1671689155 6053.1484637125 -274612.9308236751 371368.6330176791 -36417.8727164555 -39532.9356647424 -37950.3355333571 0.0000000000 0.0000000000 0.0000000000 0.0000000000 0.0000000000 0.0000000000 0.0000000000 0.0000000000 0.0000000000 0.0000000000 0.0000000000 0.0000000000 0.0000000000  
-396549.7775398285 528654.9819466050 -222413.3721341976 -281347.6557766321 54264.2784866690 -207265.1178062456 14479.2394283600 -4809.4151232944 -255474.3049009794 -177168.7811268361 -17642.2399155500 9709.0765518085 -20937.8325837482 0.0000000000 0.0000000000 0.0000000000 0.0000000000 0.0000000000 0.0000000000 0.0000000000 0.0000000000 0.0000000000 0.0000000000 0.0000000000 0.0000000000 0.0000000000  
2071056.8606174232 -222413.3721341976 1712682.3790743644 -190169.3115169441 1049060.1451593477 -521491.5513267168 512471.5611712589 12775.7772141200 -457309.3024150321 285889.9898941346 -109445.7002783460 -77860.2911701043 -80081.5675537773 0.0000000000 0.0000000000 0.0000000000 0.0000000000 0.0000000000 0.0000000000 0.0000000000 0.0000000000 0.0000000000 0.0000000000 0.0000000000 0.0000000000 0.0000000000  
-87063.7404477598 -281347.6557766321 -190169.3115169441 518956.7455927506 -77575.0503603949 483119.9625127766 -190050.4598376170 -14020.4167007202 725564.7021514343 134941.2242388530 25044.5601136089 92028.1553698055 138810.0362978217 0.0000000000 0.0000000000 0.0000000000 0.0000000000 0.0000000000 0.0000000000 0.0000000000 0.0000000000 0.0000000000 0.0000000000 0.0000000000 0.0000000000 0.0000000000  
1306879.1129698171 54264.2784866690 1049060.1451593477 -77575.0503603949 823546.0596794752 -232565.7610017138 295897.0118892859 -4746.2607018878 -104467.7529403197 146452.1634141753 -32710.6713871219 14741.5103358055 10077.0644466235 0.0000000000 0.0000000000 0.0000000000 0.0000000000 0.0000000000 0.0000000000 0.0000000000 0.0000000000 0.0000000000 0.0000000000 0.0000000000 0.0000000000 0.0000000000  
-393883.2717574434 -207265.1178062456 -521491.5513267168 483119.9625127766 -232565.7610017138 1348491.5505600031 -417707.3117035850 -24860.2101908573 967372.1418618592 -81730.9883602141 206558.4790555153 68130.6034078161 155021.5683096005 0.0000000000 0.0000000000 0.0000000000 0.0000000000 0.0000000000 0.0000000000 0.0000000000 0.0000000000 0.0000000000 0.0000000000 0.0000000000 0.0000000000 0.0000000000  
571525.1671689155 14479.2394283600 512471.5611712589 -190050.4598376170 295897.0118892859 -417707.3117035850 1467985.6026258641 19647.6333654436 346172.9380221865 559341.0870349563 -126599.4529566270 -46731.1306377137 132568.2988560585 0.0000000000 0.0000000000 0.0000000000 0.0000000000 0.0000000000 0.0000000000 0.0000000000 0.0000000000 0.0000000000 0.0000000000 0.0000000000 0.0000000000 0.0000000000  
6053.1484637125 -4809.4151232944 12775.7772141200 -14020.4167007202 -4746.2607018878 -24860.2101908573 19647.6333654436 179504.2827666700 -80260.1271058187 -61003.2035229125 2271.2953843480 -14884.3571564374 -37281.8195236192 0.0000000000 0.0000000000 0.0000000000 0.0000000000 0.0000000000 0.0000000000 0.0000000000 0.0000000000 0.0000000000 0.0000000000 0.0000000000 0.0000000000 0.0000000000  
-274612.9308236751 -255474.3049009794 -457309.3024150321 725564.7021514343 -104467.7529403198 967372.1418618591 346172.9380221865 -80260.1271058187 9236848.9633690082 1193687.4627681957 644965.1684290437 -2184418.6689078705 -2572499.4405134050 0.0000000000 0.0000000000 0.0000000000 0.0000000000 0.0000000000 0.0000000000 0.0000000000 0.0000000000 0.0000000000 0.0000000000 0.0000000000 0.0000000000 0.0000000000  
371368.6330176791 -177168.7811268361 285889.9898941346 134941.2242388530 146452.1634141753 -81730.9883602141 559341.0870349563 -61003.2035229125 1193687.4627681957 874950.4533348260 65700.5624575758 -139573.6041391174 200554.9236784852 0.0000000000 0.0000000000 0.0000000000 0.0000000000 0.0000000000 0.0000000000 0.0000000000 0.0000000000 0.0000000000 0.0000000000 0.0000000000 0.0000000000 0.0000000000  
-36417.8727164555 -17642.2399155500 -109445.7002783460 25044.5601136090 -32710.6713871219 206558.4790555153 -126599.4529566270 2271.2953843480 644965.1684290437 65700.5624575758 596624.5182143860 -14947.1702792808 -41342.1095964714 0.0000000000 0.0000000000 0.0000000000 0.0000000000 0.0000000000 0.0000000000 0.0000000000 0.0000000000 0.0000000000 0.0000000000 0.0000000000 0.0000000000 0.0000000000  
-39532.9356647424 9709.0765518085 -77860.2911701043 92028.1553698055 14741.5103358055 68130.6034078161 -46731.1306377137 -14884.3571564374 -2184418.6689078705 -139573.6041391174 -14947.1702792808 9717916.6436637659 6885400.5104855103 0.0000000000 0.0000000000 0.0000000000 0.0000000000 0.0000000000 0.0000000000 0.0000000000 0.0000000000 0.0000000000 0.0000000000 0.0000000000 0.0000000000 0.0000000000  
-37950.3355333571 -20937.8325837482 -80081.5675537773 138810.0362978217 10077.0644466235 155021.5683096005 132568.2988560585 -37281.8195236192 -2572499.4405134050 200554.9236784852 -41342.1095964714 6885400.5104855103 9877150.0276117325 0.0000000000 0.0000000000 0.0000000000 0.0000000000 0.0000000000 0.0000000000 0.0000000000 0.0000000000 0.0000000000 0.0000000000 0.0000000000 0.0000000000 0.0000000000  
-3451143384.3533192000 325282983.1099860100 -2882445206.4517875000 538482997.5068894600 -1699811162.0755861000 1350830070.1388206000 -775735910.5031110000 54910207.6315215230 2880303945.9596639000 -223022859.7029441600 378306237.4449788900 -1426219648.6099069000 -1402064078.1489124000 0.0000000000 0.0000000000 0.0000000000 0.0000000000 0.0000000000 0.0000000000 0.0000000000 0.0000000000 0.0000000000 0.0000000000 0.0000000000 0.0000000000 0.0000000000  
1333347695.2519886000 -1156120185.9287982000 921287768.5838638500 464157055.7708738400 117794579.6776815500 43069976.8796608150 71458445.5620082620 -9475005.9686002024 -500411788.3791026500 366343740.6159744900 -109752831.8330469400 452384324.5420134700 716932557.2240372900 0.0000000000 0.0000000000 0.0000000000 0.0000000000 0.0000000000 0.0000000000 0.0000000000 0.0000000000 0.0000000000 0.0000000000 0.0000000000 0.0000000000 0.0000000000  
6334046792.7412167000 -1074726383.1724815000 4945429385.5745449000 -158116441.1257983700 3048916458.1203775000 -1574610422.7900920000 887758241.4293570500 297293996.5951849200 -9873427596.6943226000 275737236.0465822800 -110816467.9075778400 8282947700.1385460000 10844855627.7796550000 0.0000000000 0.0000000000 0.0000000000 0.0000000000 0.0000000000 0.0000000000 0.0000000000 0.0000000000 0.0000000000 0.0000000000 0.0000000000 0.0000000000 0.0000000000  
-301883921.6783178400 301454369.0351882600 -184142659.6809173500 -398026029.1794442500 -107436673.1842622500 -64430046.6461262480 163901749.7760511900 14692050.4636849930 159849465.9579384900 -109862887.2429153300 111142171.4896670700 -198028418.6664461800 -445382020.7761111300 0.0000000000 0.0000000000 0.0000000000 0.0000000000 0.0000000000 0.0000000000 0.0000000000 0.0000000000 0.0000000000 0.0000000000 0.0000000000 0.0000000000 0.0000000000  
-5392256390.7327337000 581601728.7911448500 -4212854230.0998783000 -50151701.2119431420 -2919814809.2348447000 829635777.7354569400 -1262439531.4018898000 95758591.4574538770 1923042718.8446419000 -949327365.9227149500 152048029.4044241300 -6263417720.1367512000 -6567572756.5378284000 0.0000000000 0.0000000000 0.0000000000 0.0000000000 0.0000000000 0.0000000000 0.0000000000 0.0000000000 0.0000000000 0.0000000000 0.0000000000 0.0000000000 0.0000000000  
1074307119.2410338000 -27194517.9009274950 948552152.8367899700 -221302138.9957325200 568398929.6367654800 -947500154.1953620900 761984161.6803014300 33609282.1005093080 1189866498.9689419000 446635193.5491327600 17252483.0393836270 -212285032.5848943000 -1137780734.0198989000 0.0000000000 0.0000000000 0.0000000000 0.0000000000 0.0000000000 0.0000000000 0.0000000000 0.0000000000 0.0000000000 0.0000000000 0.0000000000 0.0000000000 0.0000000000  
-904056008.9866802700 -113395466.7895933200 -880998162.1930748200 480484067.7896371500 -473042165.7043965500 1034213391.7286782000 -2475115292.1074414000 -54831533.8860122860 -294128079.5351285300 -851771293.8856544500 276309669.8184422300 1055565618.8280795000 758639624.8768858900 0.0000000000 0.0000000000 0.0000000000 0.0000000000 0.0000000000 0.0000000000 0.0000000000 0.0000000000 0.0000000000 0.0000000000 0.0000000000 0.0000000000 0.0000000000  
-4647943632.0292110000 980194281.5519928900 -3635548607.9087067000 -49443920.7282058220 -2155603000.7374086000 742260477.7483866200 -989269299.0644741100 -309006563.2133903500 3276277214.2603936000 -481314661.0245169400 253461486.7832895200 -2092051043.6522715000 -2579183182.6153994000 0.0000000000 0.0000000000 0.0000000000 0.0000000000 0.0000000000 0.0000000000 0.0000000000 0.0000000000 0.0000000000 0.0000000000 0.0000000000 0.0000000000 0.0000000000  
1294533743.6499221000 290105167.0704394000 1464675255.5191965000 -1347478095.4139593000 540672823.7545329300 -1980217783.5019698000 -617497648.6718483000 121718448.1709438000 -18565179535.8660740000 -2262278513.0973396000 -1313201783.0408792000 7687062815.6931543000 6744803697.2986698000 0.0000000000 0.0000000000 0.0000000000 0.0000000000 0.0000000000 0.0000000000 0.0000000000 0.0000000000 0.0000000000 0.0000000000 0.0000000000 0.0000000000 0.0000000000  
-1119570254.4042432000 386960152.7577578400 -853955266.2876215000 -250566407.6223555200 -493552838.0428149700 78059460.1978239570 -937672609.5214413400 87867416.4426884060 -1877396988.6056106000 -1396276544.7031088000 -120567215.5237229300 1192067503.5885782000 967424131.1568809700 0.0000000000 0.0000000000 0.0000000000 0.0000000000 0.0000000000 0.0000000000 0.0000000000 0.0000000000 0.0000000000 0.0000000000 0.0000000000 0.0000000000 0.0000000000  
-1595523875.3855348000 348841867.8942272700 -1124835724.8295183000 10761775.1163985490 -710406491.0289224400 52208452.1880605370 -93437687.3234046400 53203194.6290057600 396846009.5926519600 -317265839.3623350900 -966248728.3580718000 -1078695094.1553819000 -1664816324.2042985000 0.0000000000 0.0000000000 0.0000000000 0.0000000000 0.0000000000 0.0000000000 0.0000000000 0.0000000000 0.0000000000 0.0000000000 0.0000000000 0.0000000000 0.0000000000  
20376316.8474830240 -168361869.5776435100 -20484532.7317098230 191062135.0563966600 -44865347.5853762400 258154458.1660659600 181998222.3108605100 -10662979.3416941040 7485217663.9686918000 732761304.1325978000 348762221.1784877200 -15192602818.1904280000 -11666225262.5972120000 0.0000000000 0.0000000000 0.0000000000 0.0000000000 0.0000000000 0.0000000000 0.0000000000 0.0000000000 0.0000000000 0.0000000000 0.0000000000 0.0000000000 0.0000000000  
-1358547585.7864313000 425366229.7613530200 -884647757.1325349800 -498000481.5036022700 -696824315.5239079000 -598123602.8889111300 -363072669.8507217200 110380279.9538957900 2786844329.5077968000 -591154192.6450494500 21834086.6164253170 -10179476324.2930550000 -14464262317.2232930000 0.0000000000 0.0000000000 0.0000000000 0.0000000000 0.0000000000 0.0000000000 0.0000000000 0.0000000000 0.0000000000 0.0000000000 0.0000000000 0.0000000000 0.0000000000  
2567.7295649462 -1102.7154780673 -26025.4114674313 -13156.8291127297 9326.7370594174 -8737.5580336768 -7229.8383713387 1277.7309789936 -8624.7795182518 -723.5898344428 346.3442099110 -6525.0133611902 2829.2986230883 0.0000000000 0.0000000000 0.0000000000 0.0000000000 0.0000000000 0.0000000000 0.0000000000 0.0000000000 0.0000000000 0.0000000000 0.0000000000 0.0000000000 0.0000000000  
-1102.7154780673 85245.8648246214 -53609.3652887977 1066.1486161806 35540.2133285497 -75153.7795597291 -21971.7463868819 12493.4557183944 -60545.3374954438 -24965.2178059494 8409.3096622853 -37531.1012542809 17892.4713418416 0.0000000000 0.0000000000 0.0000000000 0.0000000000 0.0000000000 0.0000000000 0.0000000000 0.0000000000 0.0000000000 0.0000000000 0.0000000000 0.0000000000 0.0000000000  
-26025.4114674313 -53609.3652887977 434500.2904186905 306292.9639816315 -99472.2391659842 84332.8172987632 129271.6303372241 -6191.6546336111 110722.8330437412 -26499.7799424299 3351.4277921143 84771.9035427438 -46699.9460516478 0.0000000000 0.0000000000 0.0000000000 0.0000000000 0.0000000000 0.0000000000 0.0000000000 0.0000000000 0.0000000000 0.0000000000 0.0000000000 0.0000000000 0.0000000000  
-13156.8291127297 1066.1486161806 306292.9639816315 1243977.8047082853 -82682.3228942845 -650706.3293250804 -255417.6902411809 15608.8101047626 -29457.0508797630 31367.6947394837 -8059.6589058957 -12460.1657327724 -17104.9592954928 0.0000000000 0.0000000000 0.0000000000 0.0000000000 0.0000000000 0.0000000000 0.0000000000 0.0000000000 0.0000000000 0.0000000000 0.0000000000 0.0000000000 0.0000000000  
9326.7370594174 35540.2133285497 -99472.2391659842 -82682.3228942845 327938.5173307363 120268.4200680729 28412.1596631973 -24120.2560954623 13559.1414786148 -3384.1778139476 -16127.9558704127 -248.9109009876 -13775.5256768936 0.0000000000 0.0000000000 0.0000000000 0.0000000000 0.0000000000 0.0000000000 0.0000000000 0.0000000000 0.0000000000 0.0000000000 0.0000000000 0.0000000000 0.0000000000  
-8737.5580336768 -75153.7795597291 84332.8172987632 -650706.3293250804 120268.4200680729 627324.0207127821 275256.1695045389 -48171.8252976290 173651.7388803033 7600.1033810252 -15826.9117986459 110443.9092005787 -46320.4604484399 0.0000000000 0.0000000000 0.0000000000 0.0000000000 0.0000000000 0.0000000000 0.0000000000 0.0000000000 0.0000000000 0.0000000000 0.0000000000 0.0000000000 0.0000000000  
-7229.8383713387 -21971.7463868819 129271.6303372241 -255417.6902411809 28412.1596631973 275256.1695045389 4552705.3586989278 347949.3556500154 1100254.6094235221 55549.4149875692 170190.3980861062 860815.5202251273 -98731.7461463907 0.0000000000 0.0000000000 0.0000000000 0.0000000000 0.0000000000 0.0000000000 0.0000000000 0.0000000000 0.0000000000 0.0000000000 0.0000000000 0.0000000000 0.0000000000  
1277.7309789936 12493.4557183944 -6191.6546336111 15608.8101047626 -24120.2560954623 -48171.8252976290 347949.3556500154 46070.7956307756 54076.8519967662 -15695.2746767364 27543.7204527703 52632.0058129778 6387.1229548170 0.0000000000 0.0000000000 0.0000000000 0.0000000000 0.0000000000 0.0000000000 0.0000000000 0.0000000000 0.0000000000 0.0000000000 0.0000000000 0.0000000000 0.0000000000  
-8624.7795182518 -60545.3374954438 110722.8330437412 -29457.0508797630 13559.1414786149 173651.7388803033 1100254.6094235224 54076.8519967662 539997.2870597442 60328.0402005717 21335.9920663169 414215.5128689590 -100867.0350556926 0.0000000000 0.0000000000 0.0000000000 0.0000000000 0.0000000000 0.0000000000 0.0000000000 0.0000000000 0.0000000000 0.0000000000 0.0000000000 0.0000000000 0.0000000000  
-723.5898344428 -24965.2178059494 -26499.7799424299 31367.6947394837 -3384.1778139476 7600.1033810252 55549.4149875692 -15695.2746767364 60328.0402005717 165579.5731312584 -4616.6265898876 -11904.1326358950 9735.3254864407 0.0000000000 0.0000000000 0.0000000000 0.0000000000 0.0000000000 0.0000000000 0.0000000000 0.0000000000 0.0000000000 0.0000000000 0.0000000000 0.0000000000 0.0000000000  
346.3442099110 8409.3096622853 3351.4277921143 -8059.6589058957 -16127.9558704127 -15826.9117986459 170190.3980861062 27543.7204527703 21335.9920663169 -4616.6265898876 28404.7402387138 8260.2379531571 20467.7232718558 0.0000000000 0.0000000000 0.0000000000 0.0000000000 0.0000000000 0.0000000000 0.0000000000 0.0000000000 0.0000000000 0.0000000000 0.0000000000 0.0000000000 0.0000000000  
-6525.0133611902 -37531.1012542809 84771.9035427438 -12460.1657327724 -248.9109009876 110443.9092005787 860815.5202251273 52632.0058129778 414215.5128689590 -11904.1326358950 8260.2379531571 759452.6168178862 -85939.3504787034 0.0000000000 0.0000000000 0.0000000000 0.0000000000 0.0000000000 0.0000000000 0.0000000000 0.0000000000 0.0000000000 0.0000000000 0.0000000000 0.0000000000 0.0000000000  
2829.2986230883 17892.4713418416 -46699.9460516478 -17104.9592954928 -13775.5256768936 -46320.4604484399 -98731.7461463907 6387.1229548170 -100867.0350556926 9735.3254864407 20467.7232718558 -85939.3504787034 64706.3959830164 0.0000000000 0.0000000000 0.0000000000 0.0000000000 0.0000000000 0.0000000000 0.0000000000 0.0000000000 0.0000000000 0.0000000000 0.0000000000 0.0000000000 0.0000000000  
271757.8621951161 10641931.9577944650 -78042830.3309074490 -196755857.2810755700 -36788890.3884429560 68651452.8215302680 -19950496.2072076200 -5926546.0371194109 7897189.6995289056 9038335.6107583214 -4183189.9115134240 24233354.9520306210 2489668.1716782250 0.0000000000 0.0000000000 0.0000000000 0.0000000000 0.0000000000 0.0000000000 0.0000000000 0.0000000000 0.0000000000 0.0000000000 0.0000000000 0.0000000000 0.0000000000  
-1944169.0342904772 -202906697.0238853700 214981780.3911930000 130144672.2011028800 -97394959.9984535570 140479287.8159359400 41154254.5626689940 -27058336.9023721960 139530292.3309020100 49838295.9154743030 -16296705.5910530840 80227877.9184147860 -44991192.8484889420 0.0000000000 0.0000000000 0.0000000000 0.0000000000 0.0000000000 0.0000000000 0.0000000000 0.0000000000 0.0000000000 0.0000000000 0.0000000000 0.0000000000 0.0000000000  
23474273.3676745440 35223886.5478726100 -480484087.3032402400 -662300568.8426318200 31606637.2353059130 120522817.1127702100 239626491.2900657700 15619107.4098328630 45779077.6553878780 40122822.6210249440 -4611312.9784361422 74742825.7663126740 16303507.2438843940 0.0000000000 0.0000000000 0.0000000000 0.0000000000 0.0000000000 0.0000000000 0.0000000000 0.0000000000 0.0000000000 0.0000000000 0.0000000000 0.0000000000 0.0000000000  
29156440.9261864270 746341.0589736668 -680258586.9473143800 -2627645745.6883988000 153131870.5051300500 1342169588.8954196000 574244022.7180721800 -26397831.8412567190 71734710.1139094230 -59067473.9087254410 18520822.3156213160 43362473.2755371850 38189013.9788876700 0.0000000000 0.0000000000 0.0000000000 0.0000000000 0.0000000000 0.0000000000 0.0000000000 0.0000000000 0.0000000000 0.0000000000 0.0000000000 0.0000000000 0.0000000000  
-13379600.4393322650 -67763609.8617684840 67452526.3803334830 -74198969.4455671460 -737108189.0801445200 -210550772.8619730200 112560310.4568838200 70258553.3507100490 -1362046.4304287371 16317970.4526180640 44376061.9347270060 37553592.1893481540 41783413.7546212750 0.0000000000 0.0000000000 0.0000000000 0.0000000000 0.0000000000 0.0000000000 0.0000000000 0.0000000000 0.0000000000 0.0000000000 0.0000000000 0.0000000000 0.0000000000  
18343744.0212995930 174690612.8328707800 -149219853.5107679700 1631757329.5877151000 -295823916.9152435100 -1517001640.2157860000 -645364802.9542712000 116948671.8451283600 -407496698.4027661100 -21397356.8149128220 39501076.1741665970 -259632874.6603676700 106945638.8482363700 0.0000000000 0.0000000000 0.0000000000 0.0000000000 0.0000000000 0.0000000000 0.0000000000 0.0000000000 0.0000000000 0.0000000000 0.0000000000 0.0000000000 0.0000000000  
14101328.3680162040 44645723.5155754090 -251054069.5907467000 567299368.9613466300 -60036097.9005600290 -583757982.1772038900 -9688700382.1230373000 -741196840.3915740300 -2337767705.9306140000 -120139660.5542090500 -361981945.7021172600 -1830253529.6022213000 207849061.6624740100 0.0000000000 0.0000000000 0.0000000000 0.0000000000 0.0000000000 0.0000000000 0.0000000000 0.0000000000 0.0000000000 0.0000000000 0.0000000000 0.0000000000 0.0000000000  
5125973.2813647855 -8675662.3020637874 -138474735.9273500700 -207917194.8182348600 107337495.9661477400 136702825.6448621200 -742928908.1940152600 -103454496.9857481900 -122890353.6684355900 47314762.3694538620 -66178272.6447492760 -111020798.8533717500 -7693085.0124681396 0.0000000000 0.0000000000 0.0000000000 0.0000000000 0.0000000000 0.0000000000 0.0000000000 0.0000000000 0.0000000000 0.0000000000 0.0000000000 0.0000000000 0.0000000000  
14809650.2156194260 114685497.2728183000 -172678651.5467800200 124081762.5660950400 -25394595.9703798290 -351936007.4947825100 -2146273834.8582551000 -105226117.0489856000 -1051467818.4261754000 -117233102.4486892100 -39167436.3386035110 -818092647.0012753000 197640168.4471572600 0.0000000000 0.0000000000 0.0000000000 0.0000000000 0.0000000000 0.0000000000 0.0000000000 0.0000000000 0.0000000000 0.0000000000 0.0000000000 0.0000000000 0.0000000000  
1351723.0179747329 44962526.0346506310 46844444.8194983300 -58625215.0486838070 6695950.3275160315 -12574434.3421194550 -93961853.0233580320 28678868.7981142180 -105989504.8843015300 -298865963.9350243200 8370253.0813082810 24146111.2078201030 -18235803.1843566750 0.0000000000 0.0000000000 0.0000000000 0.0000000000 0.0000000000 0.0000000000 0.0000000000 0.0000000000 0.0000000000 0.0000000000 0.0000000000 0.0000000000 0.0000000000  
6338670.6308709113 -2758574.1812536935 -140206067.4341107900 -130121124.1171016800 86463192.9740667790 61045728.4238404410 -333163789.3582273700 -60883642.8715432290 -45197972.8556861880 21075286.3825540620 -67373787.6263104680 -8833702.4233974237 -40995740.1203281880 0.0000000000 0.0000000000 0.0000000000 0.0000000000 0.0000000000 0.0000000000 0.0000000000 0.0000000000 0.0000000000 0.0000000000 0.0000000000 0.0000000000 0.0000000000  
10658855.7881238740 65017628.5402680710 -127853545.1428044900 63628565.2638535050 5360996.8468111977 -205555570.9286155700 -1521168343.5722444000 -92645920.3422327490 -729291324.1504145900 18341257.3913643360 -14411630.3175645080 -1327444870.0692492000 150092296.3634796100 0.0000000000 0.0000000000 0.0000000000 0.0000000000 0.0000000000 0.0000000000 0.0000000000 0.0000000000 0.0000000000 0.0000000000 0.0000000000 0.0000000000 0.0000000000  
-4362843.8916865652 -35559007.4998779370 70072489.6816170960 16301332.2832621630 36948559.6178131400 94901021.9522895510 274267515.3172879200 -7154477.5221244833 234170926.2187675500 -12567568.7675368600 -38000193.5263222160 201075288.5732806300 -130576345.6719550000 0.0000000000 0.0000000000 0.0000000000 0.0000000000 0.0000000000 0.0000000000 0.0000000000 0.0000000000 0.0000000000 0.0000000000 0.0000000000 0.0000000000 0.0000000000  
1447.9379211467 -829.6498352937 214.7187669170 2141.3986588525 1599.4894406484 1044.6921433294 1047.8152479642 534.1758617472 -1323.8752346605 -1829.6047178337 17775.7240575138 -78.4291551327 237.0559471101 0.0000000000 0.0000000000 0.0000000000 0.0000000000 0.0000000000 0.0000000000 0.0000000000 0.0000000000 0.0000000000 0.0000000000 0.0000000000 0.0000000000 0.0000000000  
-829.6498352937 1132.0541598405 222.3829330540 -1293.1822769956 -2830.1906281926 -198.8808074797 345.1795150844 -520.1324193820 -66.3847845327 1924.2618774275 -17729.7710406456 -54.6316314395 -82.7560869263 0.0000000000 0.0000000000 0.0000000000 0.0000000000 0.0000000000 0.0000000000 0.0000000000 0.0000000000 0.0000000000 0.0000000000 0.0000000000 0.0000000000 0.0000000000  
214.7187669170 222.3829330540 749.8929992741 -566.1610612734 -1452.3253953578 456.9838480791 497.3425806260 -60.2316030183 -537.5181938965 1159.7812720405 -16097.8674127095 -87.3838877840 253.2467247040 0.0000000000 0.0000000000 0.0000000000 0.0000000000 0.0000000000 0.0000000000 0.0000000000 0.0000000000 0.0000000000 0.0000000000 0.0000000000 0.0000000000 0.0000000000  
2141.3986588525 -1293.1822769956 -566.1610612734 5129.3807103907 5337.2625735916 1458.7509122829 1556.0876927308 1365.1315421590 -2050.6830892565 -5301.7462381356 54993.4540378009 -182.3892254295 255.4241552394 0.0000000000 0.0000000000 0.0000000000 0.0000000000 0.0000000000 0.0000000000 0.0000000000 0.0000000000 0.0000000000 0.0000000000 0.0000000000 0.0000000000 0.0000000000  
1599.4894406484 -2830.1906281926 -1452.3253953578 5337.2625735916 13714.9315913100 479.1278991686 -1103.3710447081 2883.2730061143 106.2589015694 -9030.5651072478 78663.7554120352 -459.5734517873 700.7531359168 0.0000000000 0.0000000000 0.0000000000 0.0000000000 0.0000000000 0.0000000000 0.0000000000 0.0000000000 0.0000000000 0.0000000000 0.0000000000 0.0000000000 0.0000000000  
1044.6921433294 -198.8808074797 456.9838480791 1458.7509122829 479.1278991686 1167.7363694484 1570.6811279557 424.2878335841 -1709.2877425703 -1000.5621197936 8718.6909576238 -298.9933199984 373.2624412577 0.0000000000 0.0000000000 0.0000000000 0.0000000000 0.0000000000 0.0000000000 0.0000000000 0.0000000000 0.0000000000 0.0000000000 0.0000000000 0.0000000000 0.0000000000  
1047.8152479642 345.1795150844 497.3425806260 1556.0876927308 -1103.3710447081 1570.6811279557 3010.2087636120 171.0887966656 -3080.3106814812 -681.5927397479 11136.6548801756 -374.4465745109 421.3683663173 0.0000000000 0.0000000000 0.0000000000 0.0000000000 0.0000000000 0.0000000000 0.0000000000 0.0000000000 0.0000000000 0.0000000000 0.0000000000 0.0000000000 0.0000000000  
534.1758617472 -520.1324193820 -60.2316030183 1365.1315421590 2883.2730061143 424.2878335841 171.0887966656 8058.1525412525 -462.3145564948 -1931.8343804084 13307.2026792061 -182.8323000587 294.2600013831 0.0000000000 0.0000000000 0.0000000000 0.0000000000 0.0000000000 0.0000000000 0.0000000000 0.0000000000 0.0000000000 0.0000000000 0.0000000000 0.0000000000 0.0000000000  
-1323.8752346605 -66.3847845327 -537.5181938965 -2050.6830892565 106.2589015694 -1709.2877425703 -3080.3106814812 -462.3145564948 3922.2599951647 1737.0041844665 -17929.7800480344 448.1170771584 -689.1522022321 0.0000000000 0.0000000000 0.0000000000 0.0000000000 0.0000000000 0.0000000000 0.0000000000 0.0000000000 0.0000000000 0.0000000000 0.0000000000 0.0000000000 0.0000000000  
-1829.6047178337 1924.2618774275 1159.7812720405 -5301.7462381356 -9030.5651072478 -1000.5621197936 -681.5927397479 -1931.8343804084 1737.0041844665 16493.5147037934 -70952.1781755209 326.8354723534 -365.0548165043 0.0000000000 0.0000000000 0.0000000000 0.0000000000 0.0000000000 0.0000000000 0.0000000000 0.0000000000 0.0000000000 0.0000000000 0.0000000000 0.0000000000 0.0000000000  
17775.7240575138 -17729.7710406456 -16097.8674127095 54993.4540378009 78663.7554120352 8718.6909576238 11136.6548801756 13307.2026792061 -17929.7800480344 -70952.1781755209 857965.2407859565 -1069.5751514119 -1591.5424346754 0.0000000000 0.0000000000 0.0000000000 0.0000000000 0.0000000000 0.0000000000 0.0000000000 0.0000000000 0.0000000000 0.0000000000 0.0000000000 0.0000000000 0.0000000000  
-78.4291551327 -54.6316314395 -87.3838877840 -182.3892254295 -459.5734517873 -298.9933199984 -374.4465745109 -182.8323000587 448.1170771584 326.8354723534 -1069.5751514119 442.4065635435 -326.6212020840 0.0000000000 0.0000000000 0.0000000000 0.0000000000 0.0000000000 0.0000000000 0.0000000000 0.0000000000 0.0000000000 0.0000000000 0.0000000000 0.0000000000 0.0000000000  
237.0559471101 -82.7560869263 253.2467247040 255.4241552394 700.7531359168 373.2624412577 421.3683663173 294.2600013831 -689.1522022321 -365.0548165043 -1591.5424346754 -326.6212020840 579.0073321775 0.0000000000 0.0000000000 0.0000000000 0.0000000000 0.0000000000 0.0000000000 0.0000000000 0.0000000000 0.0000000000 0.0000000000 0.0000000000 0.0000000000 0.0000000000  
-2517529.4066768349 1286858.3895665635 -629479.3812939385 -3353221.0915923901 -1825726.6276938040 -1902563.1840894022 -1942382.3808938055 -784184.1094552997 2352956.8495525261 2480123.4754897598 -23031807.4198160580 123861.7962361203 -426334.3019372632 0.0000000000 0.0000000000 0.0000000000 0.0000000000 0.0000000000 0.0000000000 0.0000000000 0.0000000000 0.0000000000 0.0000000000 0.0000000000 0.0000000000 0.0000000000  
1641841.8668429148 -2552687.7093562540 -610311.2776313331 2565140.5677945935 6345988.8251091251 165112.6575721951 -1209965.5408944457 1060656.6315485099 657565.3041465144 -4148482.2067823736 37699750.8397394490 195202.2683423375 91550.7959104513 0.0000000000 0.0000000000 0.0000000000 0.0000000000 0.0000000000 0.0000000000 0.0000000000 0.0000000000 0.0000000000 0.0000000000 0.0000000000 0.0000000000 0.0000000000  
-392515.8985407747 -541326.0236303120 -1565233.0925277097 1328384.7535654905 3520215.5832576556 -891296.3948378392 -983341.5940726256 171072.4378554834 949672.3388238258 -2754066.1247922950 35888286.3993167060 128186.2409307390 -428436.3044626471 0.0000000000 0.0000000000 0.0000000000 0.0000000000 0.0000000000 0.0000000000 0.0000000000 0.0000000000 0.0000000000 0.0000000000 0.0000000000 0.0000000000 0.0000000000  
-3195823.6232031304 1899885.0225341944 812286.5225574226 -7627687.8816615138 -7841979.4898507204 -2190078.8902355246 -2336704.3298187205 -2020279.7053271739 3058604.6511469940 7827048.6566246348 -80986398.2516907900 269519.0857833339 -382544.9791450868 0.0000000000 0.0000000000 0.0000000000 0.0000000000 0.0000000000 0.0000000000 0.0000000000 0.0000000000 0.0000000000 0.0000000000 0.0000000000 0.0000000000 0.0000000000  
-2917823.2087779781 5469795.7895054854 2733228.1616668501 -9942439.4711237531 -26722417.9760840760 -783765.0287550355 2493760.1910705557 -5605214.3171962667 -582913.9368609671 17268569.1806687190 -146493828.8727204800 913962.7576746089 -1439568.7373474813 0.0000000000 0.0000000000 0.0000000000 0.0000000000 0.0000000000 0.0000000000 0.0000000000 0.0000000000 0.0000000000 0.0000000000 0.0000000000 0.0000000000 0.0000000000  
-2625038.4480003654 492386.7789484577 -1128807.1256403245 -3715157.9017460998 -1232003.0123096188 -2929539.3612487772 -3938155.3457400468 -1085182.9104767235 4275529.3925873088 2543677.0862496560 -22666696.8598333490 736504.1327154362 -903295.2887745085 0.0000000000 0.0000000000 0.0000000000 0.0000000000 0.0000000000 0.0000000000 0.0000000000 0.0000000000 0.0000000000 0.0000000000 0.0000000000 0.0000000000 0.0000000000  
-2165417.6783227595 -851430.7466440749 -1137653.9061813180 -3061306.4483319125 2922986.1804257855 -3336652.7499757647 -6471393.2044247603 -231671.1802006963 6561444.0075274855 254702.2166880686 -20266295.1031851810 785716.1483433908 -882985.4599474620 0.0000000000 0.0000000000 0.0000000000 0.0000000000 0.0000000000 0.0000000000 0.0000000000 0.0000000000 0.0000000000 0.0000000000 0.0000000000 0.0000000000 0.0000000000  
-1019890.5388445987 984230.5273283442 39199.2647856615 -2552549.1467881417 -5559790.8253866928 -839954.8979445794 -305421.3603448889 -16756259.1447117700 872275.4983284154 3627740.6080803610 -23179611.1013365500 372537.6774866832 -614585.4149476378 0.0000000000 0.0000000000 0.0000000000 0.0000000000 0.0000000000 0.0000000000 0.0000000000 0.0000000000 0.0000000000 0.0000000000 0.0000000000 0.0000000000 0.0000000000  
3072712.5447271736 318641.6322795221 1280418.1479561136 4789703.7273305571 -696372.2695922587 4079917.9761475823 7531082.4539670870 986141.9918162462 -9548049.3316567279 -4000244.0825534645 42154475.2143020480 -1062942.9058349764 1618729.8548809409 0.0000000000 0.0000000000 0.0000000000 0.0000000000 0.0000000000 0.0000000000 0.0000000000 0.0000000000 0.0000000000 0.0000000000 0.0000000000 0.0000000000 0.0000000000  
5002131.9012890654 -5377057.5925183715 -3327030.4643241712 14657582.7557759770 25117993.3267034070 2634643.6110438877 1683702.2586367254 5290757.9036539271 -4573198.8072998580 -44774049.3219626690 198447175.7691992800 -849137.6976879232 915787.9496536003 0.0000000000 0.0000000000 0.0000000000 0.0000000000 0.0000000000 0.0000000000 0.0000000000 0.0000000000 0.0000000000 0.0000000000 0.0000000000 0.0000000000 0.0000000000  
-37845716.3241494450 37725001.6627412360 34264945.0824116690 -117071766.6074995500 -167371767.9770171900 -18572802.8943715430 -23749308.5905423980 -28277957.5088568670 38210217.1960591080 151119440.9048709600 -1826404356.2160685000 2276761.7841217788 3393030.5898574409 0.0000000000 0.0000000000 0.0000000000 0.0000000000 0.0000000000 0.0000000000 0.0000000000 0.0000000000 0.0000000000 0.0000000000 0.0000000000 0.0000000000 0.0000000000  
177875.1567013374 212548.7832555929 247692.3307169979 505685.8486595355 1456077.2498444878 911249.9370607694 1139577.8301796205 572645.2437282741 -1335018.2241843848 -979703.6973515273 3069004.2973532011 -1453130.2096096673 1036743.2293772047 0.0000000000 0.0000000000 0.0000000000 0.0000000000 0.0000000000 0.0000000000 0.0000000000 0.0000000000 0.0000000000 0.0000000000 0.0000000000 0.0000000000 0.0000000000  
-462136.1694327931 268935.7559714144 -420777.0874310029 -624089.7774955436 -2020805.4407904828 -703291.4699897766 -728446.2984193234 -661471.3264610632 1331849.1638509282 958156.1273370278 863363.6901844239 720337.6920779386 -1279289.0858604864 0.0000000000 0.0000000000 0.0000000000 0.0000000000 0.0000000000 0.0000000000 0.0000000000 0.0000000000 0.0000000000 0.0000000000 0.0000000000 0.0000000000 0.0000000000  
8130.5431669038 -22066.4441804632 928.2100317856 5534.0010780820 3390.8867018475 1099.3037466396 -9996.9538414050 3860.4985999380 -1196.5191973249 12364.1337169117 4528.4740928984 728.4572893771 5607.9607667502 0.0000000000 0.0000000000 0.0000000000 0.0000000000 0.0000000000 0.0000000000 0.0000000000 0.0000000000 0.0000000000 0.0000000000 0.0000000000 0.0000000000 0.0000000000  
-22066.4441804632 120231.3940433310 -1335.0751850418 28523.8777223013 -3180.5432479605 10102.5425136069 46821.4592399422 -1398.4644683979 24725.3620646839 28855.1662400993 -2376.4910247391 6061.1170294669 -18654.4540886309 0.0000000000 0.0000000000 0.0000000000 0.0000000000 0.0000000000 0.0000000000 0.0000000000 0.0000000000 0.0000000000 0.0000000000 0.0000000000 0.0000000000 0.0000000000  
928.2100317856 -1335.0751850418 255.6267242500 1541.4709142887 -342.4407200422 1091.1033958329 2436.8579410069 -89.6068095488 440.8337917165 -258.7801534169 -356.8608221639 -177.1022556506 -893.0828230195 0.0000000000 0.0000000000 0.0000000000 0.0000000000 0.0000000000 0.0000000000 0.0000000000 0.0000000000 0.0000000000 0.0000000000 0.0000000000 0.0000000000 0.0000000000  
5534.0010780820 28523.8777223013 1541.4709142887 52870.1527718739 519.4725793349 15218.9572679363 30301.9610105178 -757.9955204627 13113.1853479147 30957.3531052691 967.7951567449 216.0904923541 -10249.3719709823 0.0000000000 0.0000000000 0.0000000000 0.0000000000 0.0000000000 0.0000000000 0.0000000000 0.0000000000 0.0000000000 0.0000000000 0.0000000000 0.0000000000 0.0000000000  
3390.8867018475 -3180.5432479605 -342.4407200422 519.4725793349 9849.7208125942 -4368.0278470487 -32225.0599186273 11023.4995313104 2187.1945702547 43849.2962514912 14272.6955914420 6683.0851417766 15203.4030973537 0.0000000000 0.0000000000 0.0000000000 0.0000000000 0.0000000000 0.0000000000 0.0000000000 0.0000000000 0.0000000000 0.0000000000 0.0000000000 0.0000000000 0.0000000000  
1099.3037466396 10102.5425136069 1091.1033958329 15218.9572679363 -4368.0278470487 22569.3906231874 20946.7481918425 -4998.2590855367 8633.6658176613 -6175.9944141724 -6299.2136540537 -3252.4587463640 -19436.0800921740 0.0000000000 0.0000000000 0.0000000000 0.0000000000 0.0000000000 0.0000000000 0.0000000000 0.0000000000 0.0000000000 0.0000000000 0.0000000000 0.0000000000 0.0000000000  
-9996.9538414050 46821.4592399422 2436.8579410069 30301.9610105178 -32225.0599186273 20946.7481918425 243610.6914874266 -34752.3889656479 6433.9819300432 -101755.4102969382 -45375.2883491186 -27484.5140579998 -63285.5312608534 0.0000000000 0.0000000000 0.0000000000 0.0000000000 0.0000000000 0.0000000000 0.0000000000 0.0000000000 0.0000000000 0.0000000000 0.0000000000 0.0000000000 0.0000000000  
3860.4985999380 -1398.4644683979 -89.6068095488 -757.9955204627 11023.4995313104 -4998.2590855367 -34752.3889656479 14336.2289917219 6194.6671327149 65708.5336651119 19170.9323753542 10428.4001636574 16975.0191674231 0.0000000000 0.0000000000 0.0000000000 0.0000000000 0.0000000000 0.0000000000 0.0000000000 0.0000000000 0.0000000000 0.0000000000 0.0000000000 0.0000000000 0.0000000000  
-1196.5191973249 24725.3620646839 440.8337917165 13113.1853479147 2187.1945702547 8633.6658176613 6433.9819300432 6194.6671327149 79173.1967056735 143447.0156923245 2490.4928280540 29652.2685939169 -2628.9934704659 0.0000000000 0.0000000000 0.0000000000 0.0000000000 0.0000000000 0.0000000000 0.0000000000 0.0000000000 0.0000000000 0.0000000000 0.0000000000 0.0000000000 0.0000000000  
12364.1337169117 28855.1662400993 -258.7801534169 30957.3531052691 43849.2962514912 -6175.9944141724 -101755.4102969382 65708.5336651119 143447.0156923245 1608465.0058670400 60059.4932495920 109210.1910640525 106889.0129549214 0.0000000000 0.0000000000 0.0000000000 0.0000000000 0.0000000000 0.0000000000 0.0000000000 0.0000000000 0.0000000000 0.0000000000 0.0000000000 0.0000000000 0.0000000000  
4528.4740928984 -2376.4910247391 -356.8608221639 967.7951567449 14272.6955914420 -6299.2136540537 -45375.2883491186 19170.9323753542 2490.4928280540 60059.4932495920 34069.9867316704 13681.2793498018 19030.1679572343 0.0000000000 0.0000000000 0.0000000000 0.0000000000 0.0000000000 0.0000000000 0.0000000000 0.0000000000 0.0000000000 0.0000000000 0.0000000000 0.0000000000 0.0000000000  
728.4572893771 6061.1170294669 -177.1022556506 216.0904923541 6683.0851417766 -3252.4587463640 -27484.5140579998 10428.4001636574 29652.2685939169 109210.1910640525 13681.2793498018 39248.1736657612 13247.2409153569 0.0000000000 0.0000000000 0.0000000000 0.0000000000 0.0000000000 0.0000000000 0.0000000000 0.0000000000 0.0000000000 0.0000000000 0.0000000000 0.0000000000 0.0000000000  
5607.9607667502 -18654.4540886309 -893.0828230195 -10249.3719709823 15203.4030973537 -19436.0800921740 -63285.5312608534 16975.0191674231 -2628.9934704659 106889.0129549213 19030.1679572343 13247.2409153569 37936.6600087305 0.0000000000 0.0000000000 0.0000000000 0.0000000000 0.0000000000 0.0000000000 0.0000000000 0.0000000000 0.0000000000 0.0000000000 0.0000000000 0.0000000000 0.0000000000  
-52232023.4490031820 138068323.9365838200 -5252905.1689484417 -43422424.1683829130 -25298381.2738888040 2523080.1205872050 73477276.7109567370 -26119096.4543431400 55401865.9018368420 -30854481.8600437530 -37384086.3956688270 13784287.3230195230 -44324635.5314917640 0.0000000000 0.0000000000 0.0000000000 0.0000000000 0.0000000000 0.0000000000 0.0000000000 0.0000000000 0.0000000000 0.0000000000 0.0000000000 0.0000000000 0.0000000000  
56031343.3387477550 -289508722.4695162200 3721620.5738501856 -58979400.7524648230 8736298.2899805624 -22618116.3104977720 -109331223.0304698500 4349518.8778957073 -66885069.3437765840 -77061564.5670389240 7679923.1572771203 -18477817.0499423480 44920137.4102422520 0.0000000000 0.0000000000 0.0000000000 0.0000000000 0.0000000000 0.0000000000 0.0000000000 0.0000000000 0.0000000000 0.0000000000 0.0000000000 0.0000000000 0.0000000000  
-58283562.8736332950 144026519.0374886700 -4872474.3792877812 -50228322.2439292970 -39516953.0974117000 12132878.4619505440 118691867.8533289000 -42556744.1948247250 70123580.5288362800 -83393668.4188360420 -64760470.7793068290 8954979.0798151065 -67463029.4019988630 0.0000000000 0.0000000000 0.0000000000 0.0000000000 0.0000000000 0.0000000000 0.0000000000 0.0000000000 0.0000000000 0.0000000000 0.0000000000 0.0000000000 0.0000000000  
-26929758.9313831370 -32830962.1350129360 -4988017.2831267808 -139177959.6664278800 -8255596.5439379010 -34591392.4694974870 -52524659.1011204120 -5089318.3611031370 -9675229.3014818281 -73903740.0686119350 -13054107.3874169550 6042205.3725927230 12016968.9993603560 0.0000000000 0.0000000000 0.0000000000 0.0000000000 0.0000000000 0.0000000000 0.0000000000 0.0000000000 0.0000000000 0.0000000000 0.0000000000 0.0000000000 0.0000000000  
-15614670.3159661590 26564334.9686134680 -150654.6649682957 -10975206.4235793610 -24832741.1856630180 8951201.9112108946 77570275.6602420810 -26856637.8929424250 8897331.5191791430 -89729569.6124197100 -35015743.3441984210 -8797238.0830128938 -38548790.0255796390 0.0000000000 0.0000000000 0.0000000000 0.0000000000 0.0000000000 0.0000000000 0.0000000000 0.0000000000 0.0000000000 0.0000000000 0.0000000000 0.0000000000 0.0000000000  
