41.9576072814 -507.9764181208 -527.3119446534 135.0101489505 584.9457815637 -186.6752721365 -63.5745904878 590.9799201509 -98.2305142816 446.4596768621 656.5738008202 231.4357303928 698.1752101897 0.0000000000 0.0000000000 0.0000000000 0.0000000000 0.0000000000 0.0000000000 0.0000000000 0.0000000000 0.0000000000 0.0000000000 0.0000000000 0.0000000000 0.0000000000  
-507.9764181208 60859.1428786874 37791.5880339182 -11232.3917962068 -22833.5804774128 1474.6635135118 -153.5816905068 -29743.7371302396 12843.8100500596 8350.1480169603 -28105.8645860668 2951.8293007562 -28977.3017569503 0.0000000000 0.0000000000 0.0000000000 0.0000000000 0.0000000000 0.0000000000 0.0000000000 0.0000000000 0.0000000000 0.0000000000 0.0000000000 0.0000000000 0.0000000000  
-527.3119446534 37791.5880339182 26068.5615893254 -6652.6609757856 -15699.7490408723 1527.8694199611 2959.3679808921 -21345.8613410743 10122.0207110643 4180.6779388701 -20221.1128718717 935.2341490930 -20741.1548839787 0.0000000000 0.0000000000 0.0000000000 0.0000000000 0.0000000000 0.0000000000 0.0000000000 0.0000000000 0.0000000000 0.0000000000 0.0000000000 0.0000000000 0.0000000000  
135.0101489505 -11232.3917962068 -6652.6609757856 6910.3863590834 10834.9629509994 -2014.6397753357 -821.4055250058 8437.9640754878 -2719.6873194529 2354.0521995912 10202.6129832936 1584.0977120923 9113.6608576139 0.0000000000 0.0000000000 0.0000000000 0.0000000000 0.0000000000 0.0000000000 0.0000000000 0.0000000000 0.0000000000 0.0000000000 0.0000000000 0.0000000000 0.0000000000  
584.9457815637 -22833.5804774128 -15699.7490408723 10834.9629509994 23825.2806028583 -3098.6189484591 -1552.6127100267 22075.9415061308 -9445.8080221754 -1400.3459270585 23248.3804117610 1483.5411312249 22861.0564503440 0.0000000000 0.0000000000 0.0000000000 0.0000000000 0.0000000000 0.0000000000 0.0000000000 0.0000000000 0.0000000000 0.0000000000 0.0000000000 0.0000000000 0.0000000000  
-186.6752721365 1474.6635135118 1527.8694199611 -2014.6397753357 -3098.6189484591 2934.7458612842 640.4991250799 -29.7832884297 -228.7190621307 -4227.1604719438 -2098.5596992091 -900.0768395306 -2842.8324259761 0.0000000000 0.0000000000 0.0000000000 0.0000000000 0.0000000000 0.0000000000 0.0000000000 0.0000000000 0.0000000000 0.0000000000 0.0000000000 0.0000000000 0.0000000000  
-63.5745904878 -153.5816905068 2959.3679808921 -821.4055250058 -1552.6127100267 640.4991250799 6182.7899700093 -2846.7934425308 5362.8186745633 2307.9482804972 -2795.8539208958 794.3846558258 -2922.7575222878 0.0000000000 0.0000000000 0.0000000000 0.0000000000 0.0000000000 0.0000000000 0.0000000000 0.0000000000 0.0000000000 0.0000000000 0.0000000000 0.0000000000 0.0000000000  
590.9799201509 -29743.7371302396 -21345.8613410743 8437.9640754878 22075.9415061308 -29.7832884297 -2846.7934425308 28393.3267531930 -15188.8359283523 -12666.8862884639 26002.6662234268 -1939.8545845512 26273.8028636980 0.0000000000 0.0000000000 0.0000000000 0.0000000000 0.0000000000 0.0000000000 0.0000000000 0.0000000000 0.0000000000 0.0000000000 0.0000000000 0.0000000000 0.0000000000  
-98.2305142816 12843.8100500596 10122.0207110643 -2719.6873194529 -9445.8080221754 -228.7190621307 5362.8186745633 -15188.8359283523 31232.2532100148 38619.3767892291 -15483.3814836216 15404.2460451092 -27272.1640006052 0.0000000000 0.0000000000 0.0000000000 0.0000000000 0.0000000000 0.0000000000 0.0000000000 0.0000000000 0.0000000000 0.0000000000 0.0000000000 0.0000000000 0.0000000000  
446.4596768621 8350.1480169603 4180.6779388701 2354.0521995912 -1400.3459270585 -4227.1604719438 2307.9482804972 -12666.8862884639 38619.3767892291 97483.1539007425 -17160.9958042902 28392.8372371733 -25006.8818587867 0.0000000000 0.0000000000 0.0000000000 0.0000000000 0.0000000000 0.0000000000 0.0000000000 0.0000000000 0.0000000000 0.0000000000 0.0000000000 0.0000000000 0.0000000000  
656.5738008202 -28105.8645860668 -20221.1128718717 10202.6129832936 23248.3804117610 -2098.5596992091 -2795.8539208958 26002.6662234268 -15483.3814836216 -17160.9958042902 37076.9387117537 -3515.9696973157 34590.6212747963 0.0000000000 0.0000000000 0.0000000000 0.0000000000 0.0000000000 0.0000000000 0.0000000000 0.0000000000 0.0000000000 0.0000000000 0.0000000000 0.0000000000 0.0000000000  
231.4357303928 2951.8293007562 935.2341490930 1584.0977120923 1483.5411312249 -900.0768395306 794.3846558258 -1939.8545845512 15404.2460451092 28392.8372371733 -3515.9696973157 17319.4404844333 -10752.0108717835 0.0000000000 0.0000000000 0.0000000000 0.0000000000 0.0000000000 0.0000000000 0.0000000000 0.0000000000 0.0000000000 0.0000000000 0.0000000000 0.0000000000 0.0000000000  
698.1752101897 -28977.3017569503 -20741.1548839787 9113.6608576139 22861.0564503440 -2842.8324259761 -2922.7575222878 26273.8028636980 -27272.1640006052 -25006.8818587867 34590.6212747963 -10752.0108717835 74260.6364376425 0.0000000000 0.0000000000 0.0000000000 0.0000000000 0.0000000000 0.0000000000 0.0000000000 0.0000000000 0.0000000000 0.0000000000 0.0000000000 0.0000000000 0.0000000000  
-708448.0058181416 23876284.4015110360 17563431.2420517650 -6742528.2270237571 -16968332.5909665560 1935573.2603707877 545726.7351031330 -18655049.9112495480 -793304.3970192635 -10873256.7421971600 -18754648.3366329450 -8231938.1017125780 -12861107.4656018170 0.0000000000 0.0000000000 0.0000000000 0.0000000000 0.0000000000 0.0000000000 0.0000000000 0.0000000000 0.0000000000 0.0000000000 0.0000000000 0.0000000000 0.0000000000  
3297200.2943547368 -397504161.5692572000 -246728516.2146651100 73099349.2261501700 148531389.4908704500 -9556686.3485177644 1088914.8591588172 193771715.9876167200 -83883946.4745306370 -54881245.3780035150 182936858.3494593800 -19599260.9508498500 188743978.1901337200 0.0000000000 0.0000000000 0.0000000000 0.0000000000 0.0000000000 0.0000000000 0.0000000000 0.0000000000 0.0000000000 0.0000000000 0.0000000000 0.0000000000 0.0000000000  
2618605.6045898506 -187043001.1481933900 -129062662.5569434500 32905164.4882474360 77720734.5368602870 -7546064.2009621970 -14599099.4768946970 105669470.1680025300 -49609926.8644310380 -19988443.6013164670 100025400.3899206100 -4215271.6083534714 102166928.1582661900 0.0000000000 0.0000000000 0.0000000000 0.0000000000 0.0000000000 0.0000000000 0.0000000000 0.0000000000 0.0000000000 0.0000000000 0.0000000000 0.0000000000 0.0000000000  
-717200.0048227593 61449479.3205372770 36094873.4425147850 -39018472.9344547910 -60529033.1585164960 11484703.4642642400 4635711.7889759280 -46341796.5435011680 15020200.5100579040 -13581298.0776550920 -56470406.3871391710 -8838598.7043689489 -50294625.1863354590 0.0000000000 0.0000000000 0.0000000000 0.0000000000 0.0000000000 0.0000000000 0.0000000000 0.0000000000 0.0000000000 0.0000000000 0.0000000000 0.0000000000 0.0000000000  
-2495847.5614471054 96936786.1675931660 66668124.2256945820 -46258632.3941776830 -101727560.9927426900 13261456.0897298870 6602901.0663524913 -94069550.2684346140 40179341.0168623100 5764893.5482996237 -99041829.2771663220 -6421495.9795095949 -97260073.4727154230 0.0000000000 0.0000000000 0.0000000000 0.0000000000 0.0000000000 0.0000000000 0.0000000000 0.0000000000 0.0000000000 0.0000000000 0.0000000000 0.0000000000 0.0000000000  
1069165.7285049220 -7911004.9491511807 -8414435.3810078036 11598521.6269542740 17644109.5992771610 -17149225.1002391170 -3788103.1512613646 -367762.3464195081 925868.7046678482 23992246.1907688120 11790137.7538094320 4714627.8582671331 16668911.8199582940 0.0000000000 0.0000000000 0.0000000000 0.0000000000 0.0000000000 0.0000000000 0.0000000000 0.0000000000 0.0000000000 0.0000000000 0.0000000000 0.0000000000 0.0000000000  
389429.7234976355 997056.5484939114 -18240099.5205870610 5062612.9557225127 9542857.5152858440 -3961190.2593855588 -38209929.8102023300 17529110.7461358830 -33225569.4711993670 -14388009.6355176770 17226190.7482904980 -5011823.2259514173 18107733.9564863740 0.0000000000 0.0000000000 0.0000000000 0.0000000000 0.0000000000 0.0000000000 0.0000000000 0.0000000000 0.0000000000 0.0000000000 0.0000000000 0.0000000000 0.0000000000  
-2341385.4525834513 117613212.1787083400 84452716.5502180010 -33359878.5125864450 -87401606.2238368090 57652.3406003666 11280709.8740408480 -112499501.8563901800 60094792.3828687520 50154661.6617528870 -102907848.2612597500 7617227.4427690851 -103814360.3039923000 0.0000000000 0.0000000000 0.0000000000 0.0000000000 0.0000000000 0.0000000000 0.0000000000 0.0000000000 0.0000000000 0.0000000000 0.0000000000 0.0000000000 0.0000000000  
533637.6363568226 -72004099.9518762680 -56812193.7775798370 15201977.1434896140 53038479.0097918880 1332564.2027511802 -30453785.5339494010 85558553.9822933670 -177522559.6581202400 -219812152.2313713700 87266999.0958302770 -87870980.3252139990 154597570.2188756200 0.0000000000 0.0000000000 0.0000000000 0.0000000000 0.0000000000 0.0000000000 0.0000000000 0.0000000000 0.0000000000 0.0000000000 0.0000000000 0.0000000000 0.0000000000  
-2272461.8118120008 -42754142.6456589400 -21434935.6212407720 -11946489.9933190760 7256775.7383932127 21547344.1060438080 -11758218.8941921200 64706542.2587271780 -196844798.8206080800 -496889543.4004311600 87612888.8698943700 -144669482.2201070500 127531468.2403259900 0.0000000000 0.0000000000 0.0000000000 0.0000000000 0.0000000000 0.0000000000 0.0000000000 0.0000000000 0.0000000000 0.0000000000 0.0000000000 0.0000000000 0.0000000000  
-2745885.8198321089 117237915.7042032300 84396268.4810632620 -42622310.1701975390 -97158518.2128337920 8764320.3129363693 11699201.4516440500 -108666194.8819372500 64744835.4617157730 71959362.4680992660 -155193610.1791889700 14741907.1140644440 -144634994.6671134800 0.0000000000 0.0000000000 0.0000000000 0.0000000000 0.0000000000 0.0000000000 0.0000000000 0.0000000000 0.0000000000 0.0000000000 0.0000000000 0.0000000000 0.0000000000  
-1321297.1531645251 -16757139.8459779600 -5269066.1009626454 -8934680.4721609522 -8397704.2903849874 5076135.2543171793 -4557332.3036583019 10987641.2123380680 -87853783.1026559920 -161685142.7734751400 20019634.3751878780 -98634071.1166933180 61522096.5744875890 0.0000000000 0.0000000000 0.0000000000 0.0000000000 0.0000000000 0.0000000000 0.0000000000 0.0000000000 0.0000000000 0.0000000000 0.0000000000 0.0000000000 0.0000000000  
-4849770.8605675604 201112479.4478326100 143987693.5639945600 -63268079.6767712010 -158807622.9185750200 19775056.0025364350 20368375.2509767900 -182551406.0413255100 190202644.3150020800 174698024.6977061000 -240560846.8600147100 75246721.5792322010 -517490739.5813251700 0.0000000000 0.0000000000 0.0000000000 0.0000000000 0.0000000000 0.0000000000 0.0000000000 0.0000000000 0.0000000000 0.0000000000 0.0000000000 0.0000000000 0.0000000000  
11226753.3775897920 1407543.1869047792 -864395.9659815846 358132.9619817860 634231.6370124676 -2657343.7987984749 -5790213.3899570713 -1481302.8806718346 8142453.8472229019 -2270002.4341235664 -3078314.6804213654 -10464604.5917242240 -422440.3693550730 0.0000000000 0.0000000000 0.0000000000 0.0000000000 0.0000000000 0.0000000000 0.0000000000 0.0000000000 0.0000000000 0.0000000000 0.0000000000 0.0000000000 0.0000000000  
1407543.1869047792 503422.7654646050 -365106.8773431013 -111453.2796666032 64418.9270829932 549091.9186149247 34581.2302831507 194047.9468845191 2277812.4290966955 -56865.8963408715 -474283.1908862426 582422.1749715206 238903.1154077509 0.0000000000 0.0000000000 0.0000000000 0.0000000000 0.0000000000 0.0000000000 0.0000000000 0.0000000000 0.0000000000 0.0000000000 0.0000000000 0.0000000000 0.0000000000  
-864395.9659815846 -365106.8773431013 7725231.6013531359 40768.4042932972 -2576700.5557672093 357402.3885308630 1770899.1279077430 -808115.0049441899 1339442.5323604208 831024.6520870499 521474.7077198911 -4305019.8529779147 -479956.7231579662 0.0000000000 0.0000000000 0.0000000000 0.0000000000 0.0000000000 0.0000000000 0.0000000000 0.0000000000 0.0000000000 0.0000000000 0.0000000000 0.0000000000 0.0000000000  
358132.9619817860 -111453.2796666032 40768.4042932972 86593.0240118260 47651.6712608699 -512611.4664734353 -562929.3856272042 -224266.7358951806 -363478.3573865729 -186828.7311668550 -56832.1402393894 -1211494.6407152938 -150737.9748927207 0.0000000000 0.0000000000 0.0000000000 0.0000000000 0.0000000000 0.0000000000 0.0000000000 0.0000000000 0.0000000000 0.0000000000 0.0000000000 0.0000000000 0.0000000000  
634231.6370124676 64418.9270829932 -2576700.5557672093 47651.6712608699 12634774.2181302570 -2334941.4430333925 -8237650.9662538292 -346193.6818464761 -2645647.5614473810 370641.0373939326 3064670.3986239992 -227101.0568200014 -1423540.3441898189 0.0000000000 0.0000000000 0.0000000000 0.0000000000 0.0000000000 0.0000000000 0.0000000000 0.0000000000 0.0000000000 0.0000000000 0.0000000000 0.0000000000 0.0000000000  
-2657343.7987984749 549091.9186149247 357402.3885308630 -512611.4664734353 -2334941.4430333925 8209139.8332516775 7271926.2217988893 2200828.9916770654 -432849.9760895243 539360.3594235070 -926821.7387424083 8954307.9159892183 1507029.0919001321 0.0000000000 0.0000000000 0.0000000000 0.0000000000 0.0000000000 0.0000000000 0.0000000000 0.0000000000 0.0000000000 0.0000000000 0.0000000000 0.0000000000 0.0000000000  
-5790213.3899570713 34581.2302831507 1770899.1279077430 -562929.3856272042 -8237650.9662538292 7271926.2217988893 19167354.7528807560 4107872.7900124057 -3531818.0411530631 1076471.6985272507 -1600710.2495108137 13648098.3005371840 1779655.0571391324 0.0000000000 0.0000000000 0.0000000000 0.0000000000 0.0000000000 0.0000000000 0.0000000000 0.0000000000 0.0000000000 0.0000000000 0.0000000000 0.0000000000 0.0000000000  
-1481302.8806718346 194047.9468845191 -808115.0049441899 -224266.7358951806 -346193.6818464761 2200828.9916770654 4107872.7900124057 2192191.6462303256 -2682688.2297221841 456536.9913155175 -278616.1674918705 5603658.4797543800 475014.2976654693 0.0000000000 0.0000000000 0.0000000000 0.0000000000 0.0000000000 0.0000000000 0.0000000000 0.0000000000 0.0000000000 0.0000000000 0.0000000000 0.0000000000 0.0000000000  
8142453.8472229019 2277812.4290966955 1339442.5323604210 -363478.3573865729 -2645647.5614473810 -432849.9760895243 -3531818.0411530631 -2682688.2297221841 18189076.1593677400 -458339.8491500175 -2080071.5711511350 -4914273.2764867917 866270.2484823333 0.0000000000 0.0000000000 0.0000000000 0.0000000000 0.0000000000 0.0000000000 0.0000000000 0.0000000000 0.0000000000 0.0000000000 0.0000000000 0.0000000000 0.0000000000  
-2270002.4341235664 -56865.8963408715 831024.6520870499 -186828.7311668550 370641.0373939326 539360.3594235072 1076471.6985272511 456536.9913155175 -458339.8491500175 3038827.7142285206 1268486.0944502242 3238135.7001240980 582023.5698061830 0.0000000000 0.0000000000 0.0000000000 0.0000000000 0.0000000000 0.0000000000 0.0000000000 0.0000000000 0.0000000000 0.0000000000 0.0000000000 0.0000000000 0.0000000000  
-3078314.6804213654 -474283.1908862426 521474.7077198911 -56832.1402393894 3064670.3986239992 -926821.7387424082 -1600710.2495108137 -278616.1674918704 -2080071.5711511350 1268486.0944502242 4667513.2860870454 3486987.2124438048 74846.4187136558 0.0000000000 0.0000000000 0.0000000000 0.0000000000 0.0000000000 0.0000000000 0.0000000000 0.0000000000 0.0000000000 0.0000000000 0.0000000000 0.0000000000 0.0000000000  
-10464604.5917242240 582422.1749715207 -4305019.8529779147 -1211494.6407152938 -227101.0568200014 8954307.9159892164 13648098.3005371840 5603658.4797543800 -4914273.2764867917 3238135.7001240980 3486987.2124438048 44350311.5013922450 4266122.8576603048 0.0000000000 0.0000000000 0.0000000000 0.0000000000 0.0000000000 0.0000000000 0.0000000000 0.0000000000 0.0000000000 0.0000000000 0.0000000000 0.0000000000 0.0000000000  
-422440.3693550730 238903.1154077509 -479956.7231579661 -150737.9748927207 -1423540.3441898189 1507029.0919001319 1779655.0571391326 475014.2976654694 866270.2484823335 582023.5698061829 74846.4187136559 4266122.8576603066 8536796.0257095508 0.0000000000 0.0000000000 0.0000000000 0.0000000000 0.0000000000 0.0000000000 0.0000000000 0.0000000000 0.0000000000 0.0000000000 0.0000000000 0.0000000000 0.0000000000  
-76458442971.7952880000 -15391585263.0016350000 -6506221821.0866270000 461318403.9167493000 19465604260.6596760000 -15251490377.5128770000 1352392911.9302285000 3188206334.5128946000 -83593399485.5305020000 13097401491.8711340000 28189721702.2004280000 29005888078.3560260000 -3556339822.6293759000 0.0000000000 0.0000000000 0.0000000000 0.0000000000 0.0000000000 0.0000000000 0.0000000000 0.0000000000 0.0000000000 0.0000000000 0.0000000000 0.0000000000 0.0000000000  
-6620778868.3510609000 -1109956807.6668155000 897150445.9847801900 -78168911.1560297610 -3741062799.3689928000 4254127648.5636525000 6358409018.1856413000 522530831.5519799000 -5511786153.6880465000 716168900.5388096600 1172553946.7473035000 11378445602.7205470000 1815910895.8491476000 0.0000000000 0.0000000000 0.0000000000 0.0000000000 0.0000000000 0.0000000000 0.0000000000 0.0000000000 0.0000000000 0.0000000000 0.0000000000 0.0000000000 0.0000000000  
4461192157.6301432000 2652093498.2638454000 -46316883390.5127870000 -534531870.4192575200 15261203662.2256340000 883911530.4615986300 -6821649376.0011616000 5984997345.0676489000 -7251229049.9645796000 -4498781707.0346317000 -3047408354.2178497000 32145274173.5397800000 4963790145.8261147000 0.0000000000 0.0000000000 0.0000000000 0.0000000000 0.0000000000 0.0000000000 0.0000000000 0.0000000000 0.0000000000 0.0000000000 0.0000000000 0.0000000000 0.0000000000  
-2475199683.3520508000 3001015693.7582092000 -2945564060.6395593000 -1658072880.4330895000 -4911284075.0195312000 14173910302.1946140000 14653719245.0029950000 4383535574.0135393000 10920047809.6045630000 1993354946.1777730000 -1104610822.5138361000 31323098674.9768220000 4932030806.2298317000 0.0000000000 0.0000000000 0.0000000000 0.0000000000 0.0000000000 0.0000000000 0.0000000000 0.0000000000 0.0000000000 0.0000000000 0.0000000000 0.0000000000 0.0000000000  
-11526747210.1272260000 821372017.8329234100 13417116492.4872860000 -1564685547.5780528000 -73647434967.2556610000 22906009461.7552070000 59617351710.1467210000 5712756754.8119450000 17526854471.1476750000 500744889.1978237000 -15882706214.9159740000 32954087295.7615280000 6270713124.8269787000 0.0000000000 0.0000000000 0.0000000000 0.0000000000 0.0000000000 0.0000000000 0.0000000000 0.0000000000 0.0000000000 0.0000000000 0.0000000000 0.0000000000 0.0000000000  
23919720770.4143260000 -708687044.7966979700 1561169274.9623203000 2530024460.3203902000 3956747276.0816555000 -36534052030.3697130000 -37113795054.0054090000 -12765813133.8250600000 16577608873.8155710000 -5091378987.3010874000 -1361795433.8037024000 -59628521785.9270710000 -7315294250.2880249000 0.0000000000 0.0000000000 0.0000000000 0.0000000000 0.0000000000 0.0000000000 0.0000000000 0.0000000000 0.0000000000 0.0000000000 0.0000000000 0.0000000000 0.0000000000  
28699554345.8980870000 -1624229413.7091873000 -7499777572.8252735000 3483436070.9021854000 41247250435.9749680000 -40066917073.1684340000 -96913191050.1837460000 -21050381686.3127140000 10064521958.7239440000 -6351473337.4851151000 7456573248.9304943000 -82467012877.9261320000 -9201298969.4698753000 0.0000000000 0.0000000000 0.0000000000 0.0000000000 0.0000000000 0.0000000000 0.0000000000 0.0000000000 0.0000000000 0.0000000000 0.0000000000 0.0000000000 0.0000000000  
3653675527.5498185000 -1025681211.0358831000 7621233069.9156818000 776082809.4659569300 -4298218212.8649263000 -9087348819.3325214000 -18937632725.4464720000 -13958833577.1624850000 21913039247.0673180000 -1617200971.6287634000 1853987042.3372085000 -22968275444.9328350000 -7335702250.1592035000 0.0000000000 0.0000000000 0.0000000000 0.0000000000 0.0000000000 0.0000000000 0.0000000000 0.0000000000 0.0000000000 0.0000000000 0.0000000000 0.0000000000 0.0000000000  
-53114607785.3146360000 -12351703667.0636650000 -8958638732.2614136000 1159383910.6633382000 9056478500.4764118000 17862070752.4902800000 37792310490.8753740000 21210274581.6548270000 -109606580490.0148500000 3200100408.0470176000 9803461662.1866875000 53324343392.2445140000 -6690478434.2686548000 0.0000000000 0.0000000000 0.0000000000 0.0000000000 0.0000000000 0.0000000000 0.0000000000 0.0000000000 0.0000000000 0.0000000000 0.0000000000 0.0000000000 0.0000000000  
16643061293.1443420000 396791019.8115987200 -5766478954.2096930000 1377273718.7579975000 -2508414090.9279375000 -5044097649.0475216000 -9070825173.6320763000 -3752042191.1403303000 4176726708.2796845000 -21236946665.2222290000 -8815702074.4584122000 -24800719520.8426250000 -3297133550.2607861000 0.0000000000 0.0000000000 0.0000000000 0.0000000000 0.0000000000 0.0000000000 0.0000000000 0.0000000000 0.0000000000 0.0000000000 0.0000000000 0.0000000000 0.0000000000  
23137800440.3404620000 3638261809.0960851000 -2634148681.9832535000 381989459.9267766500 -24463145067.5690960000 6312913219.1729193000 11739377918.6431690000 1280330159.8505213000 18387046827.2879520000 -9361220088.0233727000 -34356513770.9438290000 -27197847791.4556730000 -3336329941.7635918000 0.0000000000 0.0000000000 0.0000000000 0.0000000000 0.0000000000 0.0000000000 0.0000000000 0.0000000000 0.0000000000 0.0000000000 0.0000000000 0.0000000000 0.0000000000  
64939572809.3950270000 214945967.7087154700 25922057377.0981980000 5670898836.0426979000 -6425501208.9789743000 -37712623205.9500730000 -68132540511.6306230000 -30760047087.6456600000 47089849357.2512280000 -19066824947.6118660000 -24856011485.6472470000 -243057393370.2061500000 -32684130365.0842700000 0.0000000000 0.0000000000 0.0000000000 0.0000000000 0.0000000000 0.0000000000 0.0000000000 0.0000000000 0.0000000000 0.0000000000 0.0000000000 0.0000000000 0.0000000000  
4166207643.5254941000 -1947686327.0243444000 2176765430.2466483000 1308931796.0424132000 8626775587.5714893000 -13212298748.5261230000 -15995734052.3339750000 -4244911193.0747528000 -6095593366.3099146000 -3110261963.5277677000 378034889.2138127700 -32235778359.8375130000 -27963698426.0786250000 0.0000000000 0.0000000000 0.0000000000 0.0000000000 0.0000000000 0.0000000000 0.0000000000 0.0000000000 0.0000000000 0.0000000000 0.0000000000 0.0000000000 0.0000000000  
3840130.7129861438 -1575157.9402820549 363724.0233190004 -2172264.8461434068 -1637331.7417584476 -2645869.1455569258 769728.2173069820 -541506.6674938608 1449846.1558437671 -180892.8562764187 -2876290.5906972773 121053.6469620220 548896.3353744746 0.0000000000 0.0000000000 0.0000000000 0.0000000000 0.0000000000 0.0000000000 0.0000000000 0.0000000000 0.0000000000 0.0000000000 0.0000000000 0.0000000000 0.0000000000  
-1575157.9402820549 10267016.5430757010 493348.5757836291 4532873.7181386184 2683524.4919055435 4574844.1069175890 -6000730.6618292378 6047428.3738087146 928804.3727351050 429223.8810008250 952819.6037401179 100477.8788402045 253771.1596184810 0.0000000000 0.0000000000 0.0000000000 0.0000000000 0.0000000000 0.0000000000 0.0000000000 0.0000000000 0.0000000000 0.0000000000 0.0000000000 0.0000000000 0.0000000000  
363724.0233190004 493348.5757836291 666534.7499409372 -2032928.9512870163 -378270.0162274382 -478665.6070616305 -1951870.4584091641 827407.5319468656 113724.9838780444 63626.9438640366 -552823.4337396341 1028751.8509703758 -150977.1547127296 0.0000000000 0.0000000000 0.0000000000 0.0000000000 0.0000000000 0.0000000000 0.0000000000 0.0000000000 0.0000000000 0.0000000000 0.0000000000 0.0000000000 0.0000000000  
-2172264.8461434068 4532873.7181386184 -2032928.9512870163 14934958.0066915770 2613164.8737317058 4135712.7555120741 13400849.4008261280 -2439853.4195848829 -501118.9183456854 2056533.4910605310 386210.1146841544 -3193758.0513456701 -172865.7769302081 0.0000000000 0.0000000000 0.0000000000 0.0000000000 0.0000000000 0.0000000000 0.0000000000 0.0000000000 0.0000000000 0.0000000000 0.0000000000 0.0000000000 0.0000000000  
-1637331.7417584476 2683524.4919055435 -378270.0162274382 2613164.8737317058 3390104.3535509962 1488557.8996627592 260760.0264080400 1791296.5997618269 -207284.4284863422 -350144.5429492778 2538047.7774527539 -1229446.0051114615 1123062.1095517916 0.0000000000 0.0000000000 0.0000000000 0.0000000000 0.0000000000 0.0000000000 0.0000000000 0.0000000000 0.0000000000 0.0000000000 0.0000000000 0.0000000000 0.0000000000  
-2645869.1455569258 4574844.1069175890 -478665.6070616305 4135712.7555120741 1488557.8996627592 9511991.9006311893 -1061724.1593841061 872674.6225486951 -157923.2789536522 -684178.4691115177 1920538.4839080758 -3427810.3447985654 2168358.6013107542 0.0000000000 0.0000000000 0.0000000000 0.0000000000 0.0000000000 0.0000000000 0.0000000000 0.0000000000 0.0000000000 0.0000000000 0.0000000000 0.0000000000 0.0000000000  
769728.2173069820 -6000730.6618292378 -1951870.4584091641 13400849.4008261280 260760.0264080400 -1061724.1593841061 33575977.4633831980 -11913087.2029639610 -2825387.9737008950 2238294.8439474455 -2755202.1331555303 -4485711.1733674705 -52263.7727176286 0.0000000000 0.0000000000 0.0000000000 0.0000000000 0.0000000000 0.0000000000 0.0000000000 0.0000000000 0.0000000000 0.0000000000 0.0000000000 0.0000000000 0.0000000000  
-541506.6674938608 6047428.3738087146 827407.5319468656 -2439853.4195848829 1791296.5997618269 872674.6225486951 -11913087.2029639610 6928573.4058543369 884033.1005183943 -858093.0719996037 939131.1367050613 946556.1037264178 -192984.0814068347 0.0000000000 0.0000000000 0.0000000000 0.0000000000 0.0000000000 0.0000000000 0.0000000000 0.0000000000 0.0000000000 0.0000000000 0.0000000000 0.0000000000 0.0000000000  
1449846.1558437671 928804.3727351050 113724.9838780444 -501118.9183456854 -207284.4284863422 -157923.2789536522 -2825387.9737008950 884033.1005183943 1519321.4680568699 82664.2279191964 -501230.6330524250 489305.1687856881 872181.8211086559 0.0000000000 0.0000000000 0.0000000000 0.0000000000 0.0000000000 0.0000000000 0.0000000000 0.0000000000 0.0000000000 0.0000000000 0.0000000000 0.0000000000 0.0000000000  
-180892.8562764187 429223.8810008250 63626.9438640366 2056533.4910605310 -350144.5429492778 -684178.4691115177 2238294.8439474450 -858093.0719996037 82664.2279191964 5245095.0960706938 -1125551.1405687970 928954.1550453756 2156563.3856017780 0.0000000000 0.0000000000 0.0000000000 0.0000000000 0.0000000000 0.0000000000 0.0000000000 0.0000000000 0.0000000000 0.0000000000 0.0000000000 0.0000000000 0.0000000000  
-2876290.5906972773 952819.6037401178 -552823.4337396342 386210.1146841543 2538047.7774527539 1920538.4839080758 -2755202.1331555312 939131.1367050613 -501230.6330524250 -1125551.1405687970 4955897.7885316564 -690723.4538988806 587182.4351881915 0.0000000000 0.0000000000 0.0000000000 0.0000000000 0.0000000000 0.0000000000 0.0000000000 0.0000000000 0.0000000000 0.0000000000 0.0000000000 0.0000000000 0.0000000000  
121053.6469620220 100477.8788402045 1028751.8509703757 -3193758.0513456701 -1229446.0051114615 -3427810.3447985654 -4485711.1733674705 946556.1037264180 489305.1687856881 928954.1550453756 -690723.4538988806 7628048.2862943253 -1136355.2252162730 0.0000000000 0.0000000000 0.0000000000 0.0000000000 0.0000000000 0.0000000000 0.0000000000 0.0000000000 0.0000000000 0.0000000000 0.0000000000 0.0000000000 0.0000000000  
548896.3353744746 253771.1596184809 -150977.1547127296 -172865.7769302081 1123062.1095517916 2168358.6013107537 -52263.7727176285 -192984.0814068348 872181.8211086560 2156563.3856017785 587182.4351881915 -1136355.2252162725 5405209.3837483181 0.0000000000 0.0000000000 0.0000000000 0.0000000000 0.0000000000 0.0000000000 0.0000000000 0.0000000000 0.0000000000 0.0000000000 0.0000000000 0.0000000000 0.0000000000  
4315439.1456853962 -1547709.1782199757 2457047.5053546904 -11552806.7110404670 -4631384.2793448372 -2459096.7986545344 -10194894.3633472660 2292755.7483250755 1350644.9603488527 1182963.6379040706 -5341106.4367571985 2696320.8590471791 1449019.9642696287 0.0000000000 0.0000000000 0.0000000000 0.0000000000 0.0000000000 0.0000000000 0.0000000000 0.0000000000 0.0000000000 0.0000000000 0.0000000000 0.0000000000 0.0000000000  
6267187.7961095404 -36890961.1245781480 -4305930.2230676170 -2539649.0195611459 -8615397.7765516825 -12430558.7813274060 40020243.0081634370 -27895042.4307686840 -3224567.5530542857 -1488254.6208744841 -3952241.4447828508 -8403457.4679102357 -550753.0462645134 0.0000000000 0.0000000000 0.0000000000 0.0000000000 0.0000000000 0.0000000000 0.0000000000 0.0000000000 0.0000000000 0.0000000000 0.0000000000 0.0000000000 0.0000000000  
2132823.8706073090 484115.4845940701 1161892.0637841262 -7236364.2486872720 -2148813.4999804217 -3330891.6424683291 -11349988.1317101010 5141959.6870341385 327048.8772438249 -5400893.8423943967 -3235536.8118437282 2732697.0314162229 -5275115.5923469448 0.0000000000 0.0000000000 0.0000000000 0.0000000000 0.0000000000 0.0000000000 0.0000000000 0.0000000000 0.0000000000 0.0000000000 0.0000000000 0.0000000000 0.0000000000  
1916929.0883595785 8051342.3807966346 6742573.5876495894 -37261203.6602267550 -1754719.5634216440 289641.2317008150 -59705875.8522235970 21959604.7870863120 3463799.4175726259 -4041028.7004591348 1952663.9151464177 9312690.6966344249 4200060.5812714929 0.0000000000 0.0000000000 0.0000000000 0.0000000000 0.0000000000 0.0000000000 0.0000000000 0.0000000000 0.0000000000 0.0000000000 0.0000000000 0.0000000000 0.0000000000  
1922740.4732141721 -6946861.8836840037 -685343.0273946605 -1100081.9391253977 -3098029.5030739200 -144317.5098102985 8124326.1151536889 -7214396.5806283858 198022.6722837776 6162090.7748850379 -291852.6191573075 -3236622.9522860772 6578215.0593240000 0.0000000000 0.0000000000 0.0000000000 0.0000000000 0.0000000000 0.0000000000 0.0000000000 0.0000000000 0.0000000000 0.0000000000 0.0000000000 0.0000000000 0.0000000000  
4263022.5669094427 4468779.9813840669 3730203.3512052665 -15129393.1817747580 -1974217.2192822772 -9543779.6779720429 -23426654.8159133750 11696830.3776341010 1881212.6593328142 925667.5213014188 -5148950.4516910929 6949051.8980600303 -2284818.0639586337 0.0000000000 0.0000000000 0.0000000000 0.0000000000 0.0000000000 0.0000000000 0.0000000000 0.0000000000 0.0000000000 0.0000000000 0.0000000000 0.0000000000 0.0000000000  
-4414508.7779944297 13135904.5591216590 3351358.7336928858 -26494266.8392785600 1319479.8484389344 7324374.1010371279 -71207783.5479734090 24198581.6759001200 5708613.1119550318 -6388234.5213378174 10089803.4364526420 8034616.4885861194 1537346.5497999750 0.0000000000 0.0000000000 0.0000000000 0.0000000000 0.0000000000 0.0000000000 0.0000000000 0.0000000000 0.0000000000 0.0000000000 0.0000000000 0.0000000000 0.0000000000  
1685929.3722388076 -29696125.5368207540 -3945455.8909750944 2910604.4240751872 -1120405.9850219528 -3357950.2834952143 46259597.0672894570 -28214032.5752416660 -3307336.9022999038 5164706.4980583265 3720530.6719174506 -9066024.1570510902 11986173.0811781900 0.0000000000 0.0000000000 0.0000000000 0.0000000000 0.0000000000 0.0000000000 0.0000000000 0.0000000000 0.0000000000 0.0000000000 0.0000000000 0.0000000000 0.0000000000  
-5889753.1453910209 7871526.5883585922 1663498.1071179369 -6412158.7007211614 679406.9170283872 5080751.7799482886 -24103207.9528936330 9384331.4758651387 -553655.3384154183 745255.7116985985 3540853.2227976928 6042589.8454099270 -894390.4582080299 0.0000000000 0.0000000000 0.0000000000 0.0000000000 0.0000000000 0.0000000000 0.0000000000 0.0000000000 0.0000000000 0.0000000000 0.0000000000 0.0000000000 0.0000000000  
-1153472.9437526923 -23969129.8419529390 -5687604.0220897058 5033867.9809364444 3228802.8358261646 -1841673.6108809945 39968071.4912593810 -20869698.9037760680 -5498874.1609538738 -29459187.0009580520 12734408.9349736290 -13732670.2038935420 -13220509.8978124150 0.0000000000 0.0000000000 0.0000000000 0.0000000000 0.0000000000 0.0000000000 0.0000000000 0.0000000000 0.0000000000 0.0000000000 0.0000000000 0.0000000000 0.0000000000  
25103828.2107729020 35960825.9402848410 12890305.1772230980 -31917081.9069405240 -12625413.2514157630 -9146731.4747349862 -76928619.3612306420 45735212.9637101740 13389565.2040845080 5662111.1556720939 -40542180.8532466660 14329578.0857939180 -1528701.5294442133 0.0000000000 0.0000000000 0.0000000000 0.0000000000 0.0000000000 0.0000000000 0.0000000000 0.0000000000 0.0000000000 0.0000000000 0.0000000000 0.0000000000 0.0000000000  
-2655588.1846792200 19669176.0279483050 1181879.6163390812 -3129149.4786564168 7117828.0720569650 11919122.3205263190 -32681259.8135283250 19037821.5998709570 3077169.3920962736 -4578433.3735339083 6265027.6094221128 -8770398.5768312532 2661957.7747315704 0.0000000000 0.0000000000 0.0000000000 0.0000000000 0.0000000000 0.0000000000 0.0000000000 0.0000000000 0.0000000000 0.0000000000 0.0000000000 0.0000000000 0.0000000000  
1693152.3083292595 12125503.6834870170 2125727.7076739441 5440620.4673554581 -4778144.6220749710 -2042629.2738001605 -4617397.6755912639 8065547.0941271698 -609053.9663491360 -3848972.9457215979 -10395447.8522668800 2043765.8809847401 -16345648.2187139080 0.0000000000 0.0000000000 0.0000000000 0.0000000000 0.0000000000 0.0000000000 0.0000000000 0.0000000000 0.0000000000 0.0000000000 0.0000000000 0.0000000000 0.0000000000  
197.2329376993 -1979.3071317861 -4921.8597705970 663.1248352305 2369.0344809179 2170.4738074565 480.9785453341 5248.4149871369 2566.4621226474 11247.6952767004 5353.7680979482 1386.2919382082 -815.2575971451 0.0000000000 0.0000000000 0.0000000000 0.0000000000 0.0000000000 0.0000000000 0.0000000000 0.0000000000 0.0000000000 0.0000000000 0.0000000000 0.0000000000 0.0000000000  
-1979.3071317861 46831.4623473139 88882.0660780335 29158.1234496646 -18104.5318135456 -11591.3296264203 -2615.5593513746 11459.5882467330 -2916.4951366241 29446.4261850828 16873.1858983048 7651.7440643034 1660.9848011226 0.0000000000 0.0000000000 0.0000000000 0.0000000000 0.0000000000 0.0000000000 0.0000000000 0.0000000000 0.0000000000 0.0000000000 0.0000000000 0.0000000000 0.0000000000  
-4921.8597705970 88882.0660780335 234385.8295340510 -6039.7231678808 -71790.4062354233 -108613.5340337505 -35161.1405582926 -60278.1605853544 -53892.9600543130 1181.9617826704 -24833.6103033884 9132.5905643929 4951.1124029542 0.0000000000 0.0000000000 0.0000000000 0.0000000000 0.0000000000 0.0000000000 0.0000000000 0.0000000000 0.0000000000 0.0000000000 0.0000000000 0.0000000000 0.0000000000  
663.1248352305 29158.1234496646 -6039.7231678808 82852.0390434755 27441.0975550972 69774.3932385691 23385.8010884251 112751.6443266461 55230.7294843679 165632.3888217305 100607.2362690230 23596.1124323162 -6542.3399461845 0.0000000000 0.0000000000 0.0000000000 0.0000000000 0.0000000000 0.0000000000 0.0000000000 0.0000000000 0.0000000000 0.0000000000 0.0000000000 0.0000000000 0.0000000000  
2369.0344809179 -18104.5318135456 -71790.4062354233 27441.0975550972 96212.3243860920 115675.5993510697 38688.0925254607 168514.0954557057 67383.1141901650 174543.8035337454 143929.1744548942 17557.3116113586 -11587.4717283424 0.0000000000 0.0000000000 0.0000000000 0.0000000000 0.0000000000 0.0000000000 0.0000000000 0.0000000000 0.0000000000 0.0000000000 0.0000000000 0.0000000000 0.0000000000  
2170.4738074565 -11591.3296264203 -108613.5340337505 69774.3932385691 115675.5993510697 238659.2387498400 81809.1610412945 334005.2495253209 84481.1149520422 175801.1115344898 283878.8278792217 -3433.8684750625 -9481.3197983022 0.0000000000 0.0000000000 0.0000000000 0.0000000000 0.0000000000 0.0000000000 0.0000000000 0.0000000000 0.0000000000 0.0000000000 0.0000000000 0.0000000000 0.0000000000  
480.9785453341 -2615.5593513746 -35161.1405582926 23385.8010884251 38688.0925254607 81809.1610412945 31476.2410560481 95845.6903598473 22921.8146823236 22935.7035489978 77298.3288037387 -8613.3694739032 -1239.8414496930 0.0000000000 0.0000000000 0.0000000000 0.0000000000 0.0000000000 0.0000000000 0.0000000000 0.0000000000 0.0000000000 0.0000000000 0.0000000000 0.0000000000 0.0000000000  
5248.4149871369 11459.5882467330 -60278.1605853544 112751.6443266461 168514.0954557057 334005.2495253209 95845.6903598473 1031613.0795520976 181191.4100649418 828174.0522847221 1189892.5813291224 122262.2043194982 -59056.7434449610 0.0000000000 0.0000000000 0.0000000000 0.0000000000 0.0000000000 0.0000000000 0.0000000000 0.0000000000 0.0000000000 0.0000000000 0.0000000000 0.0000000000 0.0000000000  
2566.4621226474 -2916.4951366241 -53892.9600543130 55230.7294843679 67383.1141901650 84481.1149520422 22921.8146823236 181191.4100649418 131412.7180914896 441644.2066021646 189624.1239417444 68264.8171072585 -27689.7551409383 0.0000000000 0.0000000000 0.0000000000 0.0000000000 0.0000000000 0.0000000000 0.0000000000 0.0000000000 0.0000000000 0.0000000000 0.0000000000 0.0000000000 0.0000000000  
11247.6952767004 29446.4261850828 1181.9617826704 165632.3888217305 174543.8035337454 175801.1115344898 22935.7035489978 828174.0522847222 441644.2066021646 3764701.6354097063 932123.2194324533 499658.0893729260 -229986.8744763197 0.0000000000 0.0000000000 0.0000000000 0.0000000000 0.0000000000 0.0000000000 0.0000000000 0.0000000000 0.0000000000 0.0000000000 0.0000000000 0.0000000000 0.0000000000  
5353.7680979482 16873.1858983048 -24833.6103033884 100607.2362690230 143929.1744548942 283878.8278792216 77298.3288037387 1189892.5813291224 189624.1239417444 932123.2194324533 1905064.1576226514 208709.9280782086 -75893.3819116612 0.0000000000 0.0000000000 0.0000000000 0.0000000000 0.0000000000 0.0000000000 0.0000000000 0.0000000000 0.0000000000 0.0000000000 0.0000000000 0.0000000000 0.0000000000  
1386.2919382082 7651.7440643034 9132.5905643929 23596.1124323162 17557.3116113586 -3433.8684750625 -8613.3694739032 122262.2043194982 68264.8171072585 499658.0893729260 208709.9280782086 109149.0499880958 -43161.5056623958 0.0000000000 0.0000000000 0.0000000000 0.0000000000 0.0000000000 0.0000000000 0.0000000000 0.0000000000 0.0000000000 0.0000000000 0.0000000000 0.0000000000 0.0000000000  
-815.2575971451 1660.9848011226 4951.1124029542 -6542.3399461845 -11587.4717283424 -9481.3197983022 -1239.8414496930 -59056.7434449610 -27689.7551409383 -229986.8744763197 -75893.3819116612 -43161.5056623958 23975.1405039142 0.0000000000 0.0000000000 0.0000000000 0.0000000000 0.0000000000 0.0000000000 0.0000000000 0.0000000000 0.0000000000 0.0000000000 0.0000000000 0.0000000000 0.0000000000  
-5571777.2960927328 11308938.5892240550 134365938.8051153700 -122604587.1192531400 -129829641.0655887300 -210611171.4958395400 -62851406.3386680860 -431128327.7198115000 -181288492.9507996400 -768298596.0142164200 -464249565.8279399300 -112405710.8464816100 52279572.1579660250 0.0000000000 0.0000000000 0.0000000000 0.0000000000 0.0000000000 0.0000000000 0.0000000000 0.0000000000 0.0000000000 0.0000000000 0.0000000000 0.0000000000 0.0000000000  
13729212.4118965100 -327527671.2122172700 -619205818.0714606000 -206810351.3029284500 124769085.0157352200 77817515.7875792380 17355442.1388161440 -87135710.3982620240 17300733.9618361700 -221838870.4972205500 -125460990.0389795000 -55581671.9424484600 -10728399.5281561820 0.0000000000 0.0000000000 0.0000000000 0.0000000000 0.0000000000 0.0000000000 0.0000000000 0.0000000000 0.0000000000 0.0000000000 0.0000000000 0.0000000000 0.0000000000  
28561640.1218821740 -508076075.3105006800 -1349606681.0093427000 45611281.8921580990 421386458.5721315700 639157873.3142437900 206460711.8147623200 381901832.4854423400 324489294.2700102900 65731528.8460122420 181923652.0091782800 -41455790.6190996770 -33206452.2624433230 0.0000000000 0.0000000000 0.0000000000 0.0000000000 0.0000000000 0.0000000000 0.0000000000 0.0000000000 0.0000000000 0.0000000000 0.0000000000 0.0000000000 0.0000000000  
